Error_NR Error_NR_EX
6.02523498809969e-09 6.02523498809969e-09
1.20348830592849e-09 3.53367955164555e-08
9.86862105230378e-09 2.47357576782807e-07
2.71989669956202e-08 6.7139914905271e-07
5.31946604168976e-08 8.29861497740271e-13
8.78558584402386e-08 2.25555528471644e-12
1.31182709890738e-07 5.01957351458718e-12
1.83175324265653e-07 9.77661880717504e-12
2.4383374061272e-07 1.73121144209516e-11
3.13157896456071e-07 2.8542820604986e-11
3.9114759658604e-07 4.45158360283797e-11
4.77802481966213e-07 6.64095373021675e-11
5.73121998476722e-07 9.55329603593981e-11
6.77105365699432e-07 1.33325994767952e-10
7.89751545534516e-07 1.81359858675021e-10
9.11059210829433e-07 2.41335591600245e-10
2.24927544018413e-15 3.15085713702735e-10
3.27660704815365e-15 4.04573383648756e-10
4.66491204609252e-15 5.11892244496461e-10
6.50464185235843e-15 6.39266516795874e-10
8.92034287282729e-15 7.89051254105669e-10
1.20511481323541e-14 9.63731324018659e-10
1.60291608534346e-14 1.16592304556727e-09
2.10485334682951e-14 1.39837181640297e-09
2.73102125762489e-14 1.66395395893373e-09
3.50722034495886e-14 1.96567603739073e-09
4.45828491794119e-14 2.30667389481088e-09
5.61493105185681e-14 2.69021379687747e-09
7.00901727360956e-14 3.11969132593718e-09
8.68217139897587e-14 3.5986316815066e-09
1.06747528984829e-13 4.13068981075929e-09
1.30353362670189e-13 4.71964904285489e-09
1.58138922598472e-13 5.36942232237873e-09
1.90687845954944e-13 6.08405122133756e-09
2.28625315306121e-13 6.86770579215357e-09
2.72645390272793e-13 7.72468439385366e-09
3.23498385937063e-13 8.65941344803713e-09
3.82017012842757e-13 9.67644702339839e-09
4.49063988282069e-13 1.07804669419652e-08
5.2561145439838e-13 1.19762818761571e-08
6.1272826045599e-13 1.32688276106824e-08
7.11512447377975e-13 1.46631660522305e-08
8.23172215185028e-13 1.61644857227085e-08
9.49014911767122e-13 1.77781005513396e-08
1.09042770989694e-12 1.95094495137243e-08
1.24895507714829e-12 2.13640969178912e-08
1.42609655920236e-12 2.33477316741744e-08
1.62360470614656e-12 2.54661659599014e-08
1.84331194107751e-12 2.77253357595904e-08
2.08708128121914e-12 3.01312997166052e-08
2.35699729233564e-12 3.26902394301004e-08
2.65520109691976e-12 3.54084574282427e-08
2.98402710770807e-12 3.82923780246683e-08
3.3458112640656e-12 4.13485456240532e-08
3.74319459252666e-12 4.45836245069885e-08
4.17881784903512e-12 4.80043981741062e-08
4.65554517774093e-12 5.16177684303562e-08
5.17629810051046e-12 5.5430754665454e-08
5.74424506456075e-12 5.94504929720689e-08
6.3626682043381e-12 6.36842354209208e-08
7.0349878603175e-12 6.81393494115274e-08
7.76479403608031e-12 7.28233157560144e-08
8.55583967906158e-12 7.77437293619585e-08
9.41210528871247e-12 8.29082966365522e-08
1.03375946912398e-11 8.8324835613642e-08
1.1336594422432e-11 9.40012737577869e-08
1.24135290651121e-11 9.99456478883096e-08
1.35729888864368e-11 1.06166102736589e-07
1.48197889762065e-11 1.12670889240643e-07
1.61588840575828e-11 1.1946836362865e-07
1.75953403585266e-11 1.26566985936927e-07
1.91345857687833e-11 1.33975319582459e-07
2.07819669353986e-11 1.41702028034293e-07
2.25432464768926e-11 1.49755874971027e-07
2.44242733202641e-11 1.58145722367477e-07
2.64310060647914e-11 1.66880528314727e-07
2.8569686335101e-11 1.75969346217745e-07
3.08466912210372e-11 1.85421322364582e-07
3.32685150480646e-11 1.95245694583522e-07
3.58419551780203e-11 2.05451790209033e-07
3.85737839819433e-11 2.16049024280812e-07
4.14711390881962e-11 2.27046897629395e-07
4.45410989116258e-11 2.38454994635274e-07
4.77910272362178e-11 2.50282981184917e-07
5.12284519701347e-11 2.6254060263721e-07
5.48609593780993e-11 2.752376811996e-07
5.8696198397516e-11 2.88384114121587e-07
6.27421995024377e-11 3.01989871114166e-07
6.70067274732395e-11 3.1606499125514e-07
7.14979319334939e-11 3.30619581252193e-07
7.62239668108053e-11 3.45663812321641e-07
8.11928795836801e-11 3.61207917743301e-07
8.64131610799317e-11 3.77262189647282e-07
9.18929201537e-11 3.93836976114179e-07
9.76405447784236e-11 4.10942678839661e-07
1.03664312658613e-10 4.28589749101133e-07
1.09972563246572e-10 4.46788685060974e-07
1.16573529047137e-10 4.65550028428135e-07
1.23475444372813e-10 4.84884361227399e-07
1.30686436768448e-10 5.04802301586582e-07
1.38214469547131e-10 5.2531450128948e-07
1.46067401539581e-10 5.46431641006988e-07
1.54253095143493e-10 5.6816442706603e-07
1.62778914708933e-10 5.90523587634279e-07
1.71652176779274e-10 6.13519868045219e-07
1.80880036758147e-10 6.37164027368155e-07
1.9046904138089e-10 6.61466833936437e-07
2.00425743767291e-10 6.86439061046252e-07
2.10756200093707e-10 7.12091482236908e-07
2.2146592096852e-10 7.38434867151034e-07
2.32560142344463e-10 7.65479976252892e-07
2.44043553157487e-10 7.93237556647658e-07
2.55920288448571e-10 8.21718336827468e-07
2.68193828231097e-10 8.50933021499053e-07
2.80867100418848e-10 8.80892286840507e-07
2.93942265872788e-10 9.11606774908876e-07
3.07420823206456e-10 9.43087088021739e-07
3.21303279089891e-10 9.75343783960949e-07
3.35589484500241e-10 1.42635683761981e-12
3.50278293988244e-10 1.52138933219875e-12
3.65367409238914e-10 1.62175672140523e-12
3.80853705391797e-10 1.72756577045751e-12
3.96732842962064e-10 1.83909894473227e-12
4.12999275656977e-10 1.95663093013686e-12
4.29646184418586e-10 2.08043910642939e-12
4.46665320279574e-10 2.21069266963748e-12
4.64047165484429e-10 2.3476117974265e-12
4.81780770907525e-10 2.49158579038054e-12
4.99853424484722e-10 2.64283910565668e-12
5.18251089060338e-10 2.80153582353935e-12
5.36957414561657e-10 2.96817806498749e-12
5.55954947561422e-10 3.14276515173888e-12
5.75223812213254e-10 3.32579625634065e-12
5.94742588777397e-10 3.51744050799631e-12
6.14487543332559e-10 3.71808462518913e-12
6.34432630687715e-10 3.92795262115228e-12
6.54550154748656e-10 4.14737680586629e-12
6.74809548647094e-10 4.37663655849602e-12
6.9517817433176e-10 4.6160643228756e-12
7.15620834579964e-10 4.86599533370766e-12
7.36099827303986e-10 5.1265942735294e-12
7.56574695137975e-10 5.39836285571674e-12
7.77002563974496e-10 5.68152430519185e-12
7.9733747781612e-10 5.97624526564228e-12
8.17530752084059e-10 6.28302456673269e-12
8.37530736040897e-10 6.60214267102446e-12
8.57282936652697e-10 6.93382134196186e-12
8.76729680642462e-10 7.27839474937503e-12
8.9581014726993e-10 7.63608537745633e-12
9.14460438161844e-10 8.0072831639901e-12
9.32613522329022e-10 8.39221118746701e-12
9.50198987634641e-10 8.79109182278642e-12
9.67143295087746e-10 9.204315140032e-12
9.83369551302906e-10 9.63199273112698e-12
9.98797530154201e-10 1.00745141332004e-11
1.01334401447981e-09 1.05319374708526e-11
1.02692204412944e-09 1.10045958999925e-11
1.03944159918091e-09 1.14926571500595e-11
1.0508095176174e-09 1.19962897682468e-11
1.06092961760321e-09 1.25157164892723e-11
1.06970221848692e-09 1.30509394047485e-11
1.07702523437113e-09 1.36022368149407e-11
1.08279317544438e-09 1.41696665787138e-11
1.08689815816981e-09 1.47532856608839e-11
1.08922980806724e-09 1.53531515288282e-11
1.08967541081783e-09 1.59692662505126e-11
1.08811997227625e-09 1.66016868803183e-11
9.20319300005013e-10 1.72501930580016e-11
7.3111860195855e-10 1.79123981717021e-11
6.98873531622099e-10 1.85853047424462e-11
6.64449234483245e-10 1.92685246712137e-11
6.27890638643157e-10 1.99612829270265e-11
5.89271401412366e-10 2.06631376936985e-11
5.48707084394054e-10 2.1373423531433e-11
5.06374522071591e-10 2.2091478325243e-11
4.62544318952577e-10 2.28165815805342e-11
4.17636720208549e-10 2.35479576477512e-11
3.72321460592484e-10 2.4284888141112e-11
3.27695776302647e-10 2.50265424124433e-11
2.85606021837194e-10 2.57719788869595e-11
2.49162963655282e-10 2.6520479221253e-11
2.23267263706113e-10 2.72708803585051e-11
2.14062505864356e-10 2.80224072833065e-11
2.25783042249899e-10 2.87739533376512e-11
2.57485229402556e-10 2.95245228513587e-11
3.04589204487632e-10 3.02729533414985e-11
3.62482435540878e-10 3.10181932591434e-11
4.27939786894238e-10 3.17591359466658e-11
4.98947978452107e-10 3.24945646854604e-11
5.74257738645054e-10 3.32232061850653e-11
6.53062635488165e-10 3.39438442975605e-11
7.34810001632489e-10 3.46552623555802e-11
8.19094697953196e-10 3.53561878338168e-11
9.05598693428209e-10 3.60451291244914e-11
9.94056045024413e-10 3.67208673920924e-11
1.08423167565458e-09 3.73820796509798e-11
1.17590817616375e-09 3.80272160745692e-11
1.26887698653241e-09 3.86550067617203e-11
1.3629336745354e-09 3.92640152056018e-11
1.45787389120105e-09 3.98526963342141e-11
1.55349007313793e-09 4.04196693200129e-11
1.64957066042486e-09 4.0963500259506e-11
1.74589832673955e-09 4.14827550774502e-11
1.84224913352246e-09 4.19759459627563e-11
1.93839142959134e-09 4.24415287275864e-11
2.03408660126894e-09 4.28781825219287e-11
2.1290874087807e-09 4.32843669326406e-11
2.22313863548031e-09 4.36587058651367e-11
2.31597661675177e-09 4.39997729737286e-11
2.40732961169273e-09 4.430614134525e-11
2.49691768070239e-09 4.45765495085317e-11
2.58445278790108e-09 4.48095192838446e-11
2.66963905076413e-09 4.5003792523898e-11
2.75217322486509e-09 4.51581715976177e-11
2.83174486377885e-09 4.52712917771671e-11
2.90803662181013e-09 4.53420719992242e-11
2.98072520529823e-09 4.53693728115033e-11
3.04948135553788e-09 4.53521718619975e-11
3.11397059930404e-09 4.52893384098541e-11
3.1738544629272e-09 4.51800219663905e-11
3.22879046382412e-09 4.50234301120835e-11
3.27843321694802e-09 4.48186161607271e-11
3.3224355509784e-09 4.45649568262037e-11
3.36044918850212e-09 4.4261906604745e-11
3.39212575545677e-09 4.39089650194889e-11
3.41711836496692e-09 4.3505598632477e-11
3.43508209211894e-09 4.30516020732429e-11
3.44567602372073e-09 4.25467825324941e-11
3.44856409550061e-09 4.19911373644172e-11
3.44341680646644e-09 4.13845989999e-11
3.42991278941645e-09 4.07275721347888e-11
3.40774069701869e-09 4.00202557104935e-11
3.37660024133027e-09 3.92631917739044e-11
3.33620541043879e-09 3.84571139119656e-11
3.28628504491402e-09 3.76027919424357e-11
3.22658621160492e-09 3.67012356817528e-11
3.15687609607157e-09 3.5753607004947e-11
3.07694442706441e-09 3.47613276390511e-11
2.98660714219975e-09 3.37259874616004e-11
2.88570881498564e-09 3.26494657424457e-11
2.77412718157928e-09 3.15337167129648e-11
2.65177739207822e-09 3.03811490930601e-11
2.5186181898421e-09 2.91942081500226e-11
2.37465964953595e-09 2.79759285508941e-11
2.21997437167666e-09 2.67294805508548e-11
2.05471408756484e-09 2.54586173872098e-11
1.87913682831131e-09 2.41673383969934e-11
1.69365328718204e-09 2.2860181436749e-11
1.49891405556051e-09 2.15425380351142e-11
1.29598665348509e-09 2.02203708649798e-11
1.086753770376e-09 1.89007490558129e-11
8.74921298665005e-10 1.75918280982456e-11
6.68947289266636e-10 1.63035499885445e-11
4.91494176952944e-10 1.50475962325174e-11
4.02502987951005e-10 1.38386091453376e-11
4.7186800677277e-10 1.26944470051842e-11
6.60814287535138e-10 1.16371365314113e-11
9.03482213778072e-10 1.06935301020331e-11
1.17154025610734e-09 9.89472410100154e-12
1.45428217148081e-09 9.27391665330874e-12
1.74683616303793e-09 8.86132430700894e-12
2.04643512048941e-09 8.67635076418434e-12
2.35116535201436e-09 8.720457411516e-12
2.65948775631932e-09 8.9749471360553e-12
2.97003211038487e-09 9.40585701840996e-12
3.28150037641863e-09 9.97231523999262e-12
3.59261838836494e-09 1.06339890363223e-11
3.90211108915555e-09 1.13553925953343e-11
4.2086896791237e-09 1.21068787657978e-11
4.51104612310834e-09 1.28644965886418e-11
4.80785162525003e-09 1.36091932107281e-11
5.09775768057782e-09 1.43254221896394e-11
5.37939913458833e-09 1.50003759553133e-11
5.65139889587117e-09 1.56237677385449e-11
5.91237314193041e-09 1.61867189784367e-11
6.16093783974228e-09 1.66816740035726e-11
6.39571589778319e-09 1.71024379461181e-11
6.61534512868337e-09 1.74434419132876e-11
6.81848638925094e-09 1.7700093264172e-11
7.00383224986346e-09 1.78685402969152e-11
7.17011668468214e-09 1.7945610570991e-11
7.31612421273932e-09 1.79288453404053e-11
7.44069986483033e-09 1.78165419087457e-11
7.54275891979691e-09 1.7607961699776e-11
7.62129714532177e-09 1.73030577375121e-11
7.67540087749718e-09 1.69030929886379e-11
7.70425678647734e-09 1.64103390833114e-11
7.70716174840027e-09 1.58289220040651e-11
7.68353246865277e-09 1.51649450612912e-11
7.63291388297795e-09 1.44272460706385e-11
7.55498933851792e-09 1.36285540267008e-11
7.44958701645592e-09 1.27867728236329e-11
7.31668874075027e-09 1.19274856793598e-11
7.15643641515749e-09 1.10867725478864e-11
6.96913806249475e-09 1.03152237104033e-11
6.75527380275608e-09 9.68067574463173e-12
6.51550034617505e-09 9.26681088772977e-12
6.25065521081542e-09 9.16076799118404e-12
5.96176098210194e-09 9.428471420369e-12
5.65002922101711e-09 1.00915775932561e-11
5.31686467390756e-09 1.11247692339609e-11
4.96387185773405e-09 1.24750827987572e-11
4.59286524975637e-09 1.40840016882193e-11
4.20588556710787e-09 1.58997451999572e-11
3.80523021697872e-09 1.78807485131238e-11
3.39351054034203e-09 1.999465416342e-11
2.97376035424586e-09 2.22162732712004e-11
2.54966196413865e-09 2.4525420141569e-11
2.12603838213894e-09 2.69056582321014e-11
1.7100402776095e-09 2.93428916426986e-11
1.31433416431339e-09 3.18250383982955e-11
9.665405041741e-10 3.43411608018553e-11
7.34087808095561e-10 3.68813658912715e-11
7.25194993962156e-10 3.94366325211209e-11
9.32580360337372e-10 4.19984869028903e-11
1.23902075295326e-09 4.45590918335063e-11
1.57426720697025e-09 4.71109979870944e-11
1.90975929338384e-09 4.96474372026258e-11
2.23226533624768e-09 5.21620335017006e-11
2.53409937680001e-09 5.46489057708314e-11
2.80984800659136e-09 5.71026942901054e-11
3.05515719143575e-09 5.95186350554999e-11
3.26622826468868e-09 6.18925184644351e-11
3.43958670374101e-09 6.42206951883206e-11
3.57197055765034e-09 6.65001980362817e-11
3.6602694838673e-09 6.87287115957468e-11
3.70149335578211e-09 7.09046418786146e-11
3.69275428534763e-09 7.30271556545792e-11
3.63125856395414e-09 7.50962349618583e-11
3.51430619263709e-09 7.71125537444344e-11
3.33930089545314e-09 7.90778006212809e-11
3.10378137253901e-09 8.09945378410958e-11
2.80549819875789e-09 8.28661684291035e-11
2.44261045520765e-09 8.46972250913001e-11
2.55526882711153e-09 8.64916802553771e-11
2.08103424981112e-09 8.82504385579078e-11
1.53971296446105e-09 8.99792698312123e-11
9.49389046808718e-10 9.16865064250908e-11
4.69368204491847e-10 9.33817037346322e-11
8.20862086818562e-10 9.50754797353402e-11
1.6307249521171e-09 9.6779789051756e-11
2.5745157480709e-09 9.85077849072649e-11
3.61787318350119e-09 1.00273818665529e-10
4.7550853777802e-09 1.02093584616644e-10
5.98550996430451e-09 1.03984118432008e-10
7.30996104577702e-09 1.05963636051522e-10
8.72980404514792e-09 1.08051816657823e-10
1.02466507450357e-08 1.10269668862264e-10
1.18622265038442e-08 1.12639625592696e-10
1.35782958049546e-08 1.15185501879776e-10
1.53966049704647e-08 1.17932529187235e-10
1.73188287173829e-08 1.20907517693116e-10
1.93465113748124e-08 1.24138635383626e-10
2.14810024530176e-08 1.27655760854789e-10
2.37233808536991e-08 1.31490203308921e-10
2.6074370050247e-08 1.35674996612503e-10
2.85342390813889e-08 1.40244666654867e-10
3.11026969120445e-08 1.45235544804586e-10
3.37787658857688e-08 1.50685552746184e-10
3.65606535761037e-08 1.56634326381391e-10
3.94456021149804e-08 1.63123200166933e-10
4.24297321485338e-08 1.70195148783203e-10
4.55078699548843e-08 1.77894762172391e-10
4.86733675354378e-08 1.86268256899697e-10
5.19179044420445e-08 1.95363273268508e-10
5.52312861295233e-08 2.05228788462776e-10
5.86012251121917e-08 2.15915079309339e-10
6.20131168980097e-08 2.27473458089927e-10
6.54498030844629e-08 2.39955979411737e-10
6.88913300709027e-08 2.53415198946938e-10
7.23147015600908e-08 2.67904022407748e-10
7.56936242057157e-08 2.83475090237207e-10
7.89982556081151e-08 3.00180647656378e-10
8.21949545301184e-08 3.18071712952876e-10
8.52460396604606e-08 3.37197773896356e-10
8.81095660350896e-08 3.57606045187078e-10
9.07391272677077e-08 3.79341180266703e-10
9.30836985372791e-08 4.02443619566623e-10
9.50875447407415e-08 4.26949821271675e-10
9.66902184386493e-08 4.52890503344367e-10
9.78266969329569e-08 4.80289952430881e-10
9.84277185522759e-08 5.09164802221565e-10
9.84204302577058e-08 5.39522983463075e-10
9.7729502006815e-08 5.71362213682129e-10
9.62789915438828e-08 6.04668632211187e-10
9.39954311799913e-08 6.39415080109996e-10
9.08129963005281e-08 6.75560141834665e-10
8.66823807374829e-08 7.13045180587428e-10
8.15865854883211e-08 7.51793831867869e-10
7.55702310420367e-08 7.91709542071406e-10
6.8796343497402e-08 8.32673143853402e-10
6.16591870800263e-08 8.74541966654078e-10
5.49998567104744e-08 9.1714658390408e-10
5.0421999093654e-08 9.60290016235139e-10
5.03103650285868e-08 1.00374493633333e-09
5.6649193517518e-08 1.04725236105516e-09
6.95531227083668e-08 1.09051961298287e-09
8.78752319147049e-08 1.13321953742705e-09
1.10498928045133e-07 1.1749888086261e-09
1.36695778248107e-07 1.21542746935422e-09
1.66010945924659e-07 1.25409934842918e-09
1.98120844008353e-07 1.29053212155917e-09
2.32741890970648e-07 1.32421880770095e-09
2.69576126420037e-07 1.3546200937153e-09
3.08276848123439e-07 1.38116840609416e-09
3.48424797279292e-07 1.40327146144427e-09
3.89510358616981e-07 1.42031990242856e-09
4.30919852198305e-07 1.43169422785109e-09
4.71925408860791e-07 1.43677497672236e-09
5.11678614906973e-07 1.43495418404596e-09
5.49208633167181e-07 1.42564906097506e-09
5.83425718585522e-07 1.40831825494342e-09
6.13131267410481e-07 1.3824794071521e-09
6.37035526561689e-07 1.347730232534e-09
6.53784131002516e-07 1.30377141102117e-09
6.61994496686301e-07 1.25043185686809e-09
6.60302964016576e-07 1.18769779075407e-09
6.47423570031674e-07 1.11574592210918e-09
6.22219719383977e-07 1.03498359041781e-09
5.83791776103281e-07 9.46101412007505e-10
5.31589407119037e-07 8.50150304063114e-10
4.65576286509966e-07 7.48669847828568e-10
3.86541727493502e-07 6.43927773878525e-10
2.96938519113834e-07 5.39410477991279e-10
2.04174830952504e-07 4.4087560752153e-10
1.37326227499774e-07 3.58429464624767e-10
1.66863138548017e-07 3.08578912304927e-10
2.73784800000921e-07 3.07670822168418e-10
4.04489458541274e-07 3.53242517604571e-10
5.41702358637802e-07 4.26053750429438e-10
6.78101220570477e-07 5.08888505712059e-10
8.08627645412288e-07 5.91344300896826e-10
9.29026612894403e-07 6.67268947864167e-10
3.11654454412795e-15 7.32686038802348e-10
3.10862446895044e-15 7.84807580798082e-10
3.10862446895044e-15 8.21603351345997e-10
3.14018491736755e-15 8.41612922073561e-10
2.99760216648792e-15 8.4386036483854e-10
2.86568757593482e-15 8.27813833106058e-10
2.52575738102223e-15 7.93364239397672e-10
2.22044604925031e-15 7.40819088927551e-10
2.01069941544172e-15 6.70921541357681e-10
1.55431223447522e-15 5.84939400488096e-10
9.15513359704447e-16 4.84964763070873e-10
9.55346725600179e-07 3.7494810005477e-10
8.71730457926007e-07 2.64868232685047e-10
7.88469029484765e-07 1.88937739721114e-10
7.08265656090615e-07 2.2044035179538e-10
6.33191696322072e-07 3.45707907236202e-10
5.64608024095433e-07 5.08169638184574e-10
5.03163104918475e-07 6.88168434416834e-10
4.48871973618151e-07 8.79428773927878e-10
4.01262838738276e-07 1.07920090955749e-09
3.59558005643439e-07 1.28592951121968e-09
3.2284498566148e-07 1.49857825925292e-09
2.90202160196635e-07 1.71638117804972e-09
2.60770298226632e-07 1.93872784958758e-09
2.33794195578168e-07 2.16509661383272e-09
2.08683870455623e-07 2.39501051605183e-09
1.85158547102713e-07 2.62800275506424e-09
1.63545700948521e-07 2.86359079725726e-09
1.45297833516435e-07 3.10125585543959e-09
1.33592863595547e-07 3.34042825182161e-09
1.33058272582931e-07 3.58047789538442e-09
1.4716337837728e-07 3.8207091890468e-09
1.75513329230946e-07 4.06036102308328e-09
2.15059152720123e-07 4.29861072078011e-09
2.62602357344995e-07 4.53458069470928e-09
3.1564445028461e-07 4.76734856194796e-09
3.72268806251019e-07 4.99595915783877e-09
4.3091210533129e-07 5.21943799509555e-09
4.90224936281107e-07 5.43680506326284e-09
5.49007436670273e-07 5.64708949121061e-09
6.06185748946279e-07 5.84934349304565e-09
6.60807282910859e-07 6.04265556822513e-09
7.12042891388517e-07 6.22616263240965e-09
7.59190198144549e-07 6.39906056879247e-09
8.01675254928906e-07 6.56061375013877e-09
8.39051508259045e-07 6.71016204592657e-09
8.70995893682325e-07 6.84712673082627e-09
8.97302276175803e-07 6.97101475673742e-09
9.17872742471331e-07 7.08142069881407e-09
9.32707288738943e-07 7.17802817176185e-09
9.41892461191539e-07 7.26060893414511e-09
9.45589434912105e-07 7.32902131377603e-09
9.44022037888683e-07 7.3832075958307e-09
9.37465015001436e-07 7.42319040682978e-09
9.26232881272137e-07 7.44906800557897e-09
9.10669549360303e-07 7.4610098096143e-09
8.91138879472421e-07 7.459250850724e-09
8.68016278005937e-07 7.44408615788473e-09
8.41681322515692e-07 7.41586536519076e-09
8.12511473311235e-07 7.37498646577508e-09
7.80876808159349e-07 7.32189035292747e-09
7.47135736806501e-07 7.25705517795349e-09
7.11631622464615e-07 7.18099105585634e-09
6.7469024251999e-07 7.09423461425109e-09
6.3661799746082e-07 6.99734444033802e-09
5.97700792203884e-07 6.89089620881376e-09
5.58203519059194e-07 6.77547860393545e-09
5.02774283707938e-07 6.65169929260113e-09
4.48968704158817e-07 6.52038578593682e-09
4.11431884814729e-07 6.38234706825407e-09
3.74351160463219e-07 6.23816266584752e-09
3.37862539202087e-07 6.08839587036439e-09
3.02089807567677e-07 5.9336018389304e-09
2.67148881680851e-07 5.77432625352364e-09
2.33154384012241e-07 5.6111039018558e-09
2.00230585409602e-07 5.44445750668931e-09
1.68531610918559e-07 5.2748968164375e-09
1.38282896362851e-07 5.10291803509174e-09
1.09876062030303e-07 4.92900280805468e-09
8.4109420695612e-08 4.75361826872064e-09
6.28238072314127e-08 4.57721641099226e-09
5.01215314199646e-08 4.40023386564033e-09
5.0957880365542e-08 4.2230917796342e-09
6.3500124758575e-08 4.04619597816178e-09
8.15911713809822e-08 3.86993635807529e-09
1.015705136615e-07 3.69468744248321e-09
1.21914966041901e-07 3.52080810758405e-09
1.41976259978885e-07 3.34864187295944e-09
1.61449637134984e-07 3.17851685603229e-09
1.80177710665464e-07 3.01074573510153e-09
1.98072630113544e-07 2.84562604782022e-09
2.15081996642201e-07 2.68344016661472e-09
2.31172535837736e-07 2.52445544432972e-09
2.46321667040879e-07 2.36892415262624e-09
2.60512890491697e-07 2.21708370135734e-09
2.73733150106527e-07 2.06915665833616e-09
2.85971294953732e-07 1.92535079389583e-09
2.97217183222442e-07 1.78585913754128e-09
3.07461186161094e-07 1.65086013985883e-09
3.16693952932388e-07 1.52051760526573e-09
3.24906353626258e-07 1.39498134137091e-09
3.32089548721519e-07 1.27438681904289e-09
3.38235151743604e-07 1.15885611315097e-09
3.43335460631175e-07 1.04849802422068e-09
3.47383744103116e-07 9.43409451486768e-10
3.50374565089531e-07 8.43676102281959e-10
3.52304137577093e-07 7.49375027064407e-10
3.53170700739107e-07 6.605773929341e-10
3.52974910095569e-07 5.77352650938291e-10
3.51720231381501e-07 4.99776508393883e-10
3.49413333832178e-07 4.27942048698175e-10
3.46064475362859e-07 3.61979332493114e-10
3.41687870785439e-07 3.02088034351096e-10
3.36302035949311e-07 2.48593117507045e-10
3.29930100059933e-07 2.02037683026103e-10
3.22600077971083e-07 1.63317216729724e-10
3.14345092959704e-07 1.33780704412081e-10
3.05203546251251e-07 1.14953522194244e-10
2.95219220840824e-07 1.07333320354976e-10
2.84441310724185e-07 1.08999550349166e-10
2.72924381259367e-07 1.16275368911546e-10
2.60728238134809e-07 1.25738658299383e-10
2.47917717970255e-07 1.35131779615557e-10
2.34562384279437e-07 1.43190876090475e-10
2.20736139082321e-07 1.49271229525131e-10
2.06516750290154e-07 1.53082278861345e-10
1.91985290973633e-07 1.54536847870231e-10
1.77225511805533e-07 1.53668190167164e-10
1.62323142109999e-07 1.50585032514688e-10
1.47365145606204e-07 1.45446907411864e-10
1.32438939931384e-07 1.38450835940784e-10
1.17631608030077e-07 1.29826273856032e-10
1.03029143004354e-07 1.19837380259141e-10
8.87157822551325e-08 1.08792504613929e-10
7.47735586119569e-08 9.70684989634478e-11
6.12823509649172e-08 8.5156683458176e-11
4.83212126177417e-08 7.37480375416104e-11
3.59735810895348e-08 6.38657828577823e-11
2.43477927271019e-08 5.69677589083493e-11
1.36893349909805e-08 5.46716222914294e-11
5.6682662699659e-09 5.77740498031952e-11
8.98340964159199e-09 6.55598606562855e-11
1.69577994127536e-08 7.65226160873956e-11
2.46810179393976e-08 8.93230842508582e-11
3.17003271416973e-08 1.03049741379122e-10
3.79232587739649e-08 1.17121754141431e-10
4.33220637146964e-08 1.31162839457114e-10
4.78917071561341e-08 1.44919335034776e-10
5.16393777339235e-08 1.58213553419875e-10
5.45807237517077e-08 1.70917707375868e-10
5.67379989356481e-08 1.82939388529578e-10
5.81388781324813e-08 1.94212519659607e-10
5.88155232397613e-08 2.04692180593376e-10
5.88037629038989e-08 2.14350684071415e-10
5.81423372070461e-08 2.23175202132456e-10
5.68721798121214e-08 2.31165949791909e-10
5.50357380913211e-08 2.38334447412445e-10
5.2676334007407e-08 2.44702536166861e-10
4.98375651998264e-08 2.50301060440039e-10
4.65627570824208e-08 2.55169187124737e-10
4.28944635762228e-08 2.59353259174309e-10
3.8874033592266e-08 2.62906136302225e-10
3.45412497137168e-08 2.6588638994841e-10
2.99340723841575e-08 2.68357713013126e-10
2.50885582477326e-08 2.70388097985433e-10
2.00391989945132e-08 2.72049484743031e-10
1.48205788830978e-08 2.73416916184262e-10
9.47554358796963e-09 2.74568247967391e-10
4.13029097517492e-09 2.75583745734444e-10
2.36893572643835e-09 2.76545397365951e-10
7.66541931554181e-09 2.77536852624625e-10
1.33832119162496e-08 2.78642909106047e-10
1.92015139651017e-08 2.79949390095886e-10
2.50817115023585e-08 2.81542710852119e-10
3.10081683817359e-08 2.83509903267761e-10
3.69713604536749e-08 2.85938409540817e-10
4.29644047492974e-08 2.88915913937643e-10
4.89817367879576e-08 2.92530299778449e-10
5.50182933841623e-08 2.9686972018669e-10
6.10688433174469e-08 3.02022434591704e-10
6.71273622642428e-08 3.08076968392617e-10
7.31864257453868e-08 3.15121942418735e-10
7.92366134041773e-08 3.23246274747535e-10
8.52659266707435e-08 3.32539060463116e-10
9.12592273348959e-08 3.43089396667359e-10
9.71977002486822e-08 3.54986431780376e-10
1.03058349051796e-07 3.68319063566521e-10
1.08813524015384e-07 3.83175640723902e-10
1.14430496481165e-07 3.99643648600468e-10
1.1987106554909e-07 4.17809073771669e-10
1.25091220672762e-07 4.37755963671449e-10
1.30040844471157e-07 4.59565574204087e-10
1.3466347142368e-07 4.83315600200197e-10
1.38896107618659e-07 5.0907935127773e-10
1.42669117903134e-07 5.36924273059888e-10
1.45906203619165e-07 5.66911348334119e-10
1.48524492023174e-07 5.99093220823581e-10
1.50434785373159e-07 6.3351309542685e-10
1.51542020129107e-07 6.70203246866265e-10
1.51746052427779e-07 7.09182876156769e-10
1.50942914197763e-07 7.50456816004085e-10
1.49026804739019e-07 7.94013371264212e-10
1.45893277616928e-07 8.39822130502862e-10
1.41444366162531e-07 8.87831848547509e-10
1.35597161580313e-07 9.37967950306199e-10
1.28298587554529e-07 9.90130866721182e-10
1.19552121512172e-07 1.04419222283883e-09
1.09468535632332e-07 1.09999325828644e-09
9.83669516241341e-08 1.15734190737123e-09
8.69810514595835e-08 1.21600995833044e-09
7.68546660324984e-08 1.27573064489206e-09
7.08550417521465e-08 1.33619573078446e-09
7.28197158417492e-08 1.39705354749686e-09
8.50180830794618e-08 1.45790657635206e-09
1.06546057350027e-07 1.51830960709872e-09
1.35309199088202e-07 1.57776823813881e-09
1.69708904064439e-07 1.63573810339816e-09
2.08771851313082e-07 1.69162438852328e-09
2.51879661574753e-07 1.74478300239724e-09
2.98563367632395e-07 1.79452169130831e-09
3.48384682160464e-07 1.84010341921039e-09
4.00866847512764e-07 1.88075057817212e-09
4.55450662510593e-07 1.91565107561939e-09
5.11463672021157e-07 1.94396680749054e-09
5.68097218184707e-07 1.96484330002621e-09
6.24389369966334e-07 1.97742272367899e-09
6.79213496555998e-07 1.98085893653421e-09
7.31273193717469e-07 1.97433559473945e-09
7.79104855826499e-07 1.9570868867018e-09
8.21089512547995e-07 1.92842091183136e-09
8.55475673371461e-07 1.88774696865232e-09
8.80414974431177e-07 1.83460450642341e-09
8.94012224543042e-07 1.76869508946103e-09
8.94391254838337e-07 1.68991765818663e-09
8.79777853762963e-07 1.59840619870431e-09
8.48601393045423e-07 1.49457208152617e-09
7.99618834863945e-07 1.37915353934858e-09
7.32071719056085e-07 1.25327838944093e-09
6.45909300550541e-07 1.11855624184043e-09
5.42188851172067e-07 9.77232623385336e-10
4.24078156968139e-07 8.32485346318813e-10
3.00456522271829e-07 6.89053736859196e-10
2.02718085472577e-07 5.54647573074191e-10
2.15981724882746e-07 4.42880090405906e-10
3.43144441039549e-07 3.76375244313738e-10
5.09642586771559e-07 3.76807795910523e-10
6.8627411225783e-07 4.37474253658399e-10
8.61446562985982e-07 5.29972584564169e-10
3.10862446895044e-15 6.31503101074342e-10
3.5527136788005e-15 7.29175376506766e-10
4.02139883088345e-15 8.15686735655844e-10
4.44089209850063e-15 8.86511218586286e-10
4.66293670342566e-15 9.38654120334478e-10
4.46304132367498e-15 9.70121219367443e-10
4.44089209850063e-15 9.79681966268288e-10
4.02139883088345e-15 9.6675269357685e-10
3.58724037616909e-15 9.3133091233145e-10
3.14018491736755e-15 8.7395462633251e-10
2.44249065417534e-15 7.95690177856013e-10
1.79018083652472e-15 6.9818208725742e-10
8.88178419700125e-16 5.83885322278796e-10
9.15513359704447e-16 4.56909566474912e-10
9.54871841052194e-07 3.26390138518011e-10
8.42073955202997e-07 2.22058146527315e-10
7.35385719261523e-07 2.26244136115146e-10
6.37346841597103e-07 3.53338568285595e-10
5.49487812746589e-07 5.30463616188228e-10
4.72341237325386e-07 7.28208065091519e-10
4.05567714680315e-07 9.37798412090446e-10
3.48189834853841e-07 1.15563360657355e-09
2.98895281025803e-07 1.37976366190283e-09
2.56342345447152e-07 1.60893033885335e-09
2.19403735225263e-07 1.84223091643235e-09
1.8732737193792e-07 2.0789657125996e-09
1.59857893187372e-07 2.31855440350228e-09
1.37412185068923e-07 2.5604795481045e-09
1.21357874532512e-07 2.80424609218734e-09
1.14107450167473e-07 3.04935019114229e-09
1.181805588059e-07 3.29525628621015e-09
1.34332379762374e-07 3.54138101244881e-09
1.61167111618564e-07 3.78708311641274e-09
1.96573647547546e-07 4.03165929542864e-09
2.3872014386556e-07 4.274345536089e-09
2.86148343330892e-07 4.51432145122359e-09
3.376058378759e-07 4.75071935276625e-09
3.91920397648487e-07 4.98263548939365e-09
4.47948329457619e-07 5.20914295586059e-09
5.04569178476785e-07 5.42930614211244e-09
5.6070213412255e-07 5.64219513101336e-09
6.15329645745447e-07 5.84690025502482e-09
6.6752056667726e-07 6.04254550172197e-09
7.16449230520418e-07 6.22830142734378e-09
7.61409014810851e-07 6.40339567896409e-09
8.0182010679354e-07 6.56712281644281e-09
8.37231908653456e-07 6.71885188224605e-09
8.67320802403903e-07 6.85803182301645e-09
8.91884097503547e-07 6.98419612927186e-09
9.10831110774012e-07 7.0969645963431e-09
9.24172187227629e-07 7.19604442669065e-09
9.32006430552353e-07 7.28122931365305e-09
9.34508824889891e-07 7.35239765104237e-09
9.31917284522892e-07 7.40950951332929e-09
9.24520046422573e-07 7.45260263052969e-09
9.1264378438175e-07 7.48178825072735e-09
8.9664263215488e-07 7.49724531008691e-09
8.76888289099032e-07 7.49921557444427e-09
8.53761310736824e-07 7.48799769686613e-09
8.27643572876511e-07 7.46394128823064e-09
7.98911929026465e-07 7.42744125403154e-09
7.67932980602286e-07 7.37893198859903e-09
7.3505892210919e-07 7.31888182384902e-09
7.00624337228354e-07 7.24778773036098e-09
6.64943883410846e-07 7.16617036018293e-09
6.28310736920411e-07 7.07456913602949e-09
5.90995723330912e-07 6.97353800391022e-09
5.53247046174298e-07 6.86364136737727e-09
5.15290515783147e-07 6.74545026439106e-09
4.77330240837231e-07 6.61953929743965e-09
4.39549730030502e-07 6.48648334758161e-09
4.02113391236539e-07 6.34685506747297e-09
3.65168479833813e-07 6.20122254963127e-09
3.28847619879954e-07 6.05014715614443e-09
2.93272158848785e-07 5.89418199610966e-09
2.58556951543696e-07 5.73387008209712e-09
2.24817759899218e-07 5.56974314749451e-09
1.9218388677063e-07 5.40232090820206e-09
1.60822109444551e-07 5.23210982453165e-09
1.30987159146657e-07 5.05960225630826e-09
1.03140369948656e-07 4.88527655377693e-09
7.82567710571707e-08 4.70959582916537e-09
5.86201686023565e-08 4.53300850114925e-09
4.89647789511808e-08 4.35594717671772e-09
5.32481979820168e-08 4.17882931119304e-09
6.7698960443567e-08 4.00205654118313e-09
8.64920300470787e-08 3.82601507111959e-09
1.06656719470379e-07 3.65107551168669e-09
1.26972445343796e-07 3.47759288497051e-09
1.46907553965065e-07 3.30590685984291e-09
1.6620579350534e-07 3.13634153798338e-09
1.84732036156756e-07 2.96920597687841e-09
2.02409535287121e-07 2.80479387832192e-09
2.19191791457251e-07 2.64338378829536e-09
2.35048798660816e-07 2.48523929740045e-09
2.49959830938509e-07 2.33060903873606e-09
2.63909442729258e-07 2.17972668891296e-09
2.76885168062251e-07 2.03281105536263e-09
2.8887617341606e-07 1.89006621934978e-09
2.99872479756015e-07 1.75168156649962e-09
3.09864541806761e-07 1.61783183326104e-09
3.18843063658482e-07 1.4886774518908e-09
3.26798977308176e-07 1.36436444505331e-09
3.33723538305722e-07 1.24502498108013e-09
3.3960850715751e-07 1.13077766651219e-09
3.44446396111102e-07 1.02172837475822e-09
3.48230765351147e-07 9.17970873204712e-10
3.50956556600111e-07 8.19588734855766e-10
3.52620454181046e-07 7.26657018048613e-10
3.53221264535313e-07 6.39245916388799e-10
3.5276030862258e-07 5.57425818035937e-10
3.51241815980037e-07 4.81275344400516e-10
3.48673318113167e-07 4.10894636325119e-10
3.45066028043673e-07 3.46427353401486e-10
3.40435205035721e-07 2.88098034304969e-10
3.34800490051584e-07 2.36275870443289e-10
3.2818621011298e-07 1.91578220559583e-10
3.20621637760282e-07 1.55010182710679e-10
3.12141203456901e-07 1.28019259202018e-10
3.02784646434988e-07 1.12026532440897e-10
2.92597101390803e-07 1.07008894199833e-10
2.81629113298961e-07 1.10443413943513e-10
2.69936572940622e-07 1.18544891425576e-10
2.57580567272466e-07 1.28156775388629e-10
2.44627144781013e-07 1.3730488030341e-10
2.31146995195126e-07 1.44912427860915e-10
2.172150342942e-07 1.50442788265439e-10
2.02909910970054e-07 1.53667188420131e-10
1.88313430834325e-07 1.5453427638909e-10
1.7350990548304e-07 1.53099487365416e-10
1.58585445270139e-07 1.49486093568536e-10
1.43627200400398e-07 1.43863664099847e-10
1.28722579079082e-07 1.36437640115714e-10
1.13958460344021e-07 1.27445810166378e-10
9.9420455539692e-08 1.17161799549487e-10
8.51922786500467e-08 1.05908427323363e-10
7.13553907750273e-08 9.40854559405863e-11
5.79892575112239e-08 8.22242355956687e-11
4.51732693192168e-08 7.10849493838969e-11
3.29939744041099e-08 6.17958789205396e-11
2.15751190282288e-08 5.59075673880117e-11
1.12667159573826e-08 5.4944140175388e-11
5.19271907681997e-09 5.93363507391209e-11
1.09234855262693e-08 6.80621668254742e-11
1.89433692296697e-08 7.95930596585844e-11
2.6507411745082e-08 9.26951494763832e-11
3.33323757229727e-08 1.06552775972514e-10
3.93506851040884e-08 1.20646476035315e-10
4.4542097029172e-08 1.34636646259295e-10
4.89051999264267e-08 1.48291945650614e-10
5.24495404537158e-08 1.61449022325392e-10
5.51925532170499e-08 1.73990073303097e-10
5.71579445303446e-08 1.85829943705228e-10
5.83745940095917e-08 1.96908176397697e-10
5.88756516480248e-08 2.07184548796987e-10
5.86977457046396e-08 2.16635183638662e-10
5.7880229223245e-08 2.25250794581909e-10
5.64644763604921e-08 2.33034470308727e-10
5.44932116994365e-08 2.40000447935685e-10
5.20098812544934e-08 2.46172893324481e-10
4.90580630748514e-08 2.51584888411952e-10
4.56809338110673e-08 2.56277373352497e-10
4.19207854942472e-08 2.602984507458e-10
3.78186053634782e-08 2.63702460579253e-10
3.3413739661928e-08 2.66549344276291e-10
2.87436687856738e-08 2.68903898170203e-10
2.38440033795504e-08 2.70835174231224e-10
1.87490022039316e-08 2.72415884408848e-10
1.3493996057217e-08 2.73721915329587e-10
8.12838455711746e-09 2.7483168702079e-10
2.88267353031191e-09 2.758259649069e-10
3.56788375890148e-09 2.76787155965701e-10
9.0806293560101e-09 2.7779929085701e-10
1.48306464884709e-08 2.78947361604783e-10
2.06665378977704e-08 2.80317415006598e-10
2.65594248014595e-08 2.81996064200658e-10
3.24958238911613e-08 2.84070383360011e-10
3.84670558499683e-08 2.86627898060903e-10
4.44666619352532e-08 2.8975636550565e-10
5.04892703043622e-08 2.93543732240171e-10
5.65298362611263e-08 2.9807818252571e-10
6.25829871668741e-08 3.0344805393123e-10
6.86424059908608e-08 3.09741855303841e-10
7.47002249995898e-08 3.17048355370123e-10
8.07464318763876e-08 3.25456464912265e-10
8.67682962517125e-08 3.35055241289226e-10
9.27498087753975e-08 3.45933910830574e-10
9.86711559485492e-08 3.58181565425985e-10
1.04508219734612e-07 3.71886910770342e-10
1.10232119532938e-07 3.8713818942541e-10
1.15808793422054e-07 4.04022539811639e-10
1.21198619109142e-07 4.22625514305561e-10
1.26356084826841e-07 4.43030625881893e-10
1.31229505516845e-07 4.65318197808868e-10
1.35760798529714e-07 4.89564993516754e-10
1.39885316723538e-07 5.15842980189042e-10
1.43531758360754e-07 5.44218051018521e-10
1.46622166732408e-07 5.7474921775499e-10
1.49072058075289e-07 6.07486912186984e-10
1.50790713544728e-07 6.42471864929979e-10
1.51681711729245e-07 6.79733061601095e-10
1.51643810581486e-07 7.19286426320555e-10
1.50572361560553e-07 7.61132844321327e-10
1.48361545299483e-07 8.05256050437295e-10
1.44907947921529e-07 8.5162071670341e-10
1.40116389223012e-07 9.00169918383102e-10
1.33909692377195e-07 9.50823265650512e-10
1.26245755884418e-07 1.00347387278207e-09
1.17148766019164e-07 1.05798620635528e-09
1.06769231730515e-07 1.11419369757834e-09
9.55046969482333e-08 1.17189510306253e-09
8.42453185427587e-08 1.2308529011653e-09
7.48230667150873e-08 1.29079009790236e-09
7.04577804864513e-08 1.35138809491877e-09
7.48978864113431e-08 1.41228379751702e-09
8.96073956403762e-08 1.47306800656539e-09
1.13133782342632e-07 1.53328322168307e-09
1.43427353722165e-07 1.59242272616949e-09
1.79065723791037e-07 1.64992923860998e-09
2.19189316271922e-07 1.70519604857122e-09
2.63232338914488e-07 1.75756636810967e-09
3.10742111412601e-07 1.80633661769827e-09
3.61275932834741e-07 1.85075904570812e-09
4.14339904132926e-07 1.89004677406426e-09
4.69349038016173e-07 1.92338054697547e-09
5.25598731432917e-07 1.94991692505522e-09
5.82243392596925e-07 1.96879943384633e-09
6.38280758513178e-07 1.97917150885714e-09
6.92541956279178e-07 1.98019279513161e-09
7.43688206517021e-07 1.97105743590007e-09
7.90215555733988e-07 1.95101571752741e-09
8.30469289055998e-07 1.91939857252796e-09
8.62669821505166e-07 1.87564502228582e-09
8.8495179253299e-07 1.81933159148622e-09
8.95417948878175e-07 1.75020622192078e-09
8.92209142394381e-07 1.66822262806002e-09
8.73591742479844e-07 1.57358003401308e-09
8.38064378395264e-07 1.46676671040835e-09
7.84488710256445e-07 1.34861132685302e-09
7.12258306210641e-07 1.22035207752695e-09
6.21550070729839e-07 1.08373922801297e-09
5.13811148909091e-07 9.41215396155971e-10
3.93093797484022e-07 7.96269540577903e-10
2.7127770913985e-07 6.54205838572853e-10
1.91971900125711e-07 5.2386181369971e-10
2.40753578134149e-07 4.20953276861591e-10
3.8279900418818e-07 3.69818915559929e-10
5.53429796421289e-07 3.87340088017523e-10
7.30530319874733e-07 4.58707461862511e-10
9.04102550753938e-07 5.55147323496322e-10
3.11703888064373e-15 6.56634459666631e-10
3.58036167304945e-15 7.52060452825404e-10
4.02139883088345e-15 8.35001068602199e-10
4.88498130835069e-15 9.01390900402757e-10
4.66293670342566e-15 9.48519232326308e-10
4.66293670342566e-15 9.74598390006052e-10
4.32986979603811e-15 9.78567699792444e-10
3.93175755100276e-15 9.59993972871726e-10
3.44884666758839e-15 9.19012493012171e-10
2.88657986402541e-15 8.56293212175021e-10
2.22044604925031e-15 7.73038286199885e-10
1.77635683940025e-15 6.71060847330054e-10
8.88178419700125e-16 5.53106439535175e-10
6.2803698347351e-16 4.24028457360296e-10
9.26274404603382e-07 2.95692746118581e-10
8.14713186794993e-07 2.09086129136523e-10
7.09987789093595e-07 2.49820970715138e-10
6.14390419163043e-07 3.94735913637236e-10
5.29196686476288e-07 5.78465602090756e-10
4.54704840244548e-07 7.79680672272521e-10
3.90390406425005e-07 9.91577537121193e-10
3.35162466881514e-07 1.21113336096616e-09
2.87674229922088e-07 1.43662291294062e-09
2.46618083832464e-07 1.66689803375605e-09
2.10948260219764e-07 1.90111688846675e-09
1.80025141458696e-07 2.13861628331913e-09
1.53740687660622e-07 2.37883612274817e-09
1.32721149250166e-07 2.62126780663898e-09
1.18609534625122e-07 2.8654169258566e-09
1.13991736592191e-07 3.11077336647737e-09
1.21112442151324e-07 3.35679098199948e-09
1.40121698728493e-07 3.60287251549559e-09
1.69294233787502e-07 3.84836150532928e-09
2.06540542926999e-07 4.09253920560862e-09
2.50133210421011e-07 4.33462673998431e-09
2.98681513232853e-07 4.57379110170644e-09
3.50961635797671e-07 4.80915445964386e-09
4.05810996653893e-07 5.0398058883209e-09
4.620910258281e-07 5.26481499662228e-09
5.18689175545676e-07 5.48324633918187e-09
5.74538162676623e-07 5.69417354814081e-09
6.28639985204859e-07 5.89669415059739e-09
6.8008828467178e-07 6.08994280104274e-09
7.28086112818484e-07 6.27310324951904e-09
7.7195803557995e-07 6.44541907762764e-09
8.11156516867768e-07 6.6062027952818e-09
8.45263078811453e-07 6.75484305319479e-09
8.73985028715585e-07 6.89080946843705e-09
8.97148606657515e-07 7.01365711070737e-09
9.14689485550707e-07 7.1230274590184e-09
9.26641373260773e-07 7.21864953431432e-09
9.33123573416943e-07 7.30033838147718e-09
9.34328003650835e-07 7.36799319590266e-09
9.30506316681607e-07 7.42159387010627e-09
9.21957444506432e-07 7.46119700459816e-09
9.09015914511975e-07 7.48693107065621e-09
8.92041129647007e-07 7.49899148951713e-09
8.71407780300529e-07 7.49763472163432e-09
8.47497409104147e-07 7.48317255020379e-09
8.20691184717169e-07 7.45596653044723e-09
7.91363844930324e-07 7.41642200967218e-09
7.59878740949592e-07 7.36498240401103e-09
7.26583928254503e-07 7.30212365484527e-09
6.91809196354157e-07 7.22834918463226e-09
6.55863947110331e-07 7.14418462553128e-09
6.19035826458743e-07 7.05017349706417e-09
5.81590010939382e-07 6.94687273859778e-09
5.43769062545988e-07 6.83484877102144e-09
5.05793287372249e-07 6.71467375655166e-09
