0 0
0.0195138282668915 0.0842758795353743
0.0390276565337829 0.337103518141497
0.0585414848006744 0.758482915818369
0.0780553130675658 1.34841407256599
0.0975691413344573 2.10689698838436
0.117082969601349 3.03393166327348
0.13659679786824 4.12951809723334
0.156110626135132 5.39365629026396
0.175624454402023 6.82634624236532
0.195138282668915 8.42758795353743
0.214652110935806 10.1973814237803
0.234165939202697 12.1357266530939
0.253679767469589 14.2426236414783
0.27319359573648 16.5180723889334
0.292707424003372 18.9620728954592
0.312221252270263 21.5746251610558
0.331735080537155 24.3557291857232
0.351248908804046 27.3053849694613
0.370762737070938 30.4235925122701
0.390276565337829 33.7103518141497
0.40979039360472 37.1656628751001
0.429304221871612 40.7895256951212
0.448818050138503 44.581940274213
0.468331878405395 48.5429066123756
0.487845706672286 52.6724247096089
0.507359534939178 56.970494565913
0.526873363206069 61.4371161812879
0.546387191472961 66.0722895557335
0.565901019739852 70.8760146892498
0.585414848006743 75.8482915818369
0.604928676273635 80.9891202334947
0.624442504540526 86.2985006442233
0.643956332807418 91.7764328140226
0.663470161074309 97.3643918265487
0.682983989341201 102.954691835729
0.702497817608092 108.544991844908
0.722011645874984 114.135291854088
0.741525474141875 119.725591863268
0.761039302408766 125.315891872448
0.780553130675658 130.906191881628
0.800066958942549 136.496491890808
0.819580787209441 142.086791899987
0.839094615476332 147.677091909167
0.858608443743224 153.267391918347
0.878122272010115 158.857691927527
0.897636100277007 164.447991936707
0.917149928543898 170.038291945886
0.93666375681079 175.628591955066
0.956177585077681 181.218891964246
0.975691413344573 186.809191973426
0.995205241611464 192.399491982606
1.01471906987836 197.989791991786
1.03423289814525 203.580092000965
1.05374672641214 209.170392010145
1.07326055467903 214.760692019325
1.09277438294592 220.350992028505
1.11228821121281 225.941292037685
1.1318020394797 231.531592046865
1.1513158677466 237.121892056044
1.17082969601349 242.712192065224
1.19034352428038 248.302492074404
1.20985735254727 253.892792083584
1.22937118081416 259.483092092764
1.24888500908105 265.073392101944
1.26839883734794 270.663692111123
1.28791266561484 276.253992120303
1.30742649388173 281.806836183023
1.32694032214862 287.200492473287
1.34645415041551 292.42559700448
1.3659679786824 297.482149776603
1.38548180694929 302.370150789654
1.40499563521618 307.089600043635
1.42450946348308 311.640497538545
1.44402329174997 316.022843274385
1.46353712001686 320.236637251154
1.48305094828375 324.281879468852
1.50256477655064 328.158569927479
1.52207860481753 331.866708627035
1.54159243308442 335.406295567521
1.56110626135132 338.777330748936
1.58062008961821 341.97981417128
1.6001339178851 345.013745834554
1.61964774615199 347.879125738756
1.63916157441888 350.575953883888
1.65867540268577 353.10423026995
1.67818923095266 355.46395489694
1.69770305921956 357.65512776486
1.71721688748645 359.677748873709
1.73673071575334 361.531818223487
1.75624454402023 363.217335814194
1.77575837228712 364.734301645831
1.79527220055401 366.082715718397
1.8147860288209 367.262578031892
1.8342998570878 368.273888586317
1.85381368535469 369.116647381671
1.87332751362158 369.790854417954
1.89284134188847 370.296509695166
1.91235517015536 370.633613213307
1.93186899842225 370.802164972378
1.95138282668915 370.823233942262
1.97089665495604 370.823233942262
1.99041048322293 370.823233942262
2.00992431148982 370.823233942262
2.02943813975671 370.823233942262
2.0489519680236 370.823233942262
2.06846579629049 370.823233942262
2.08797962455739 370.823233942262
2.10749345282428 370.823233942262
2.12700728109117 370.823233942262
2.14652110935806 370.823233942262
2.16603493762495 370.823233942262
2.18554876589184 370.823233942262
2.20506259415873 370.823233942262
2.22457642242563 370.823233942262
2.24409025069252 370.823233942262
2.26360407895941 370.823233942262
2.2831179072263 370.823233942262
2.30263173549319 370.823233942262
2.32214556376008 370.823233942262
2.34165939202697 370.823233942262
2.36117322029387 370.823233942262
2.38068704856076 370.823233942262
2.40020087682765 370.823233942262
2.41971470509454 370.823233942262
2.43922853336143 370.823233942262
2.45874236162832 370.823233942262
2.47825618989521 370.823233942262
2.49777001816211 370.823233942262
2.517283846429 370.823233942262
2.53679767469589 370.823233942262
2.55631150296278 370.823233942262
2.57582533122967 370.823233942262
2.59533915949656 370.823233942262
2.61485298776345 370.823233942262
2.63436681603035 370.823233942262
2.65388064429724 370.823233942262
2.67339447256413 370.823233942262
2.69290830083102 370.823233942262
2.71242212909791 370.823233942262
2.7319359573648 370.823233942262
2.75144978563169 370.823233942262
2.77096361389859 370.823233942262
2.79047744216548 370.823233942262
2.80999127043237 370.823233942262
2.82950509869926 370.823233942262
2.84901892696615 370.823233942262
2.86853275523304 370.823233942262
2.88804658349993 370.823233942262
2.90756041176683 370.823233942262
2.92707424003372 370.823233942262
2.94658806830061 370.823233942262
2.9661018965675 370.823233942262
2.98561572483439 370.823233942262
3.00512955310128 370.823233942262
3.02464338136817 370.823233942262
3.04415720963507 370.823233942262
3.06367103790196 370.823233942262
3.08318486616885 370.823233942262
3.10269869443574 370.823233942262
3.12221252270263 370.823233942262
3.14172635096952 370.823233942262
3.16124017923641 370.823233942262
3.18075400750331 370.823233942262
3.2002678357702 370.823233942262
3.21978166403709 370.823233942262
3.23929549230398 370.823233942262
3.25880932057087 370.823233942262
3.27832314883776 370.823233942262
3.29783697710466 370.823233942262
3.31735080537155 370.823233942262
3.33686463363844 370.823233942262
3.35637846190533 370.823233942262
3.37589229017222 370.823233942262
3.39540611843911 370.823233942262
3.414919946706 370.823233942262
3.4344337749729 370.823233942262
3.45394760323979 370.823233942262
3.47346143150668 370.823233942262
3.49297525977357 370.823233942262
3.51248908804046 370.823233942262
3.53200291630735 370.823233942262
3.55151674457424 370.823233942262
3.57103057284114 370.823233942262
3.59054440110803 370.823233942262
3.61005822937492 370.823233942262
3.62957205764181 370.823233942262
3.6490858859087 370.823233942262
3.66859971417559 370.823233942262
3.68811354244248 370.823233942262
3.70762737070938 370.823233942262
3.72714119897627 370.823233942262
3.74665502724316 370.823233942262
3.76616885551005 370.823233942262
3.78568268377694 370.823233942262
3.80519651204383 370.823233942262
3.82471034031072 370.823233942262
3.84422416857762 370.823233942262
3.86373799684451 370.823233942262
3.8832518251114 370.823233942262
