Tiempo Aceleracion Velocidad Posicion
0 0 0 0
0.00617081431927531 1.50753768844221 0.0046513675773432 9.56757521682743e-06
0.0123416286385506 3.01507537688442 0.0186054703093728 7.65406017346194e-05
0.0185124429578259 4.52261306532663 0.0418623081960888 0.000258324530854341
0.0246832572771012 6.03015075376884 0.0744218812374911 0.000612324813876956
0.0308540715963765 7.53768844221106 0.11628418943358 0.00119594690210343
0.0370248859156518 9.04522613065327 0.167449232784355 0.00206659624683472
0.0431957002349272 10.5527638190955 0.227917011289817 0.00328167829937181
0.0493665145542025 12.0603015075377 0.297687524949965 0.00489859851101564
0.0555373288734778 13.5678391959799 0.376760773764799 0.0069747623330672
0.0617081431927531 15.0753768844221 0.46513675773432 0.00956757521682743
0.0678789575120284 16.5829145728643 0.562815476858527 0.0127344426135973
0.0740497718313037 18.0904522613065 0.66979693113742 0.0165327699746778
0.080220586150579 19.5979899497487 0.786081120571 0.0210199627513699
0.0863914004698543 21.105527638191 0.911668045159267 0.0262534263949745
0.0925622147891296 22.6130653266332 1.04655770490222 0.0322905663567926
0.0987330291084049 24.1206030150754 1.19075009979986 0.0391887880881252
0.10490384342768 25.6281407035176 1.34424522985218 0.0470054970402732
0.111074657746956 27.1356783919598 1.5070430950592 0.0557980986645376
0.117245472066231 28.643216080402 1.67914369542089 0.0656239984122193
0.123416286385506 30.1507537688442 1.86054703093728 0.0765406017346194
0.129587100704781 31.6582914572864 2.05125310160835 0.0886053140830388
0.135757915024057 33.1658291457286 2.25126190743411 0.101875540908778
0.141928729343332 34.6733668341709 2.46057344841455 0.116408687663139
0.148099543662607 36.1809045226131 2.67918772454968 0.132262159797422
0.154270357981883 37.6884422110553 2.9071047358395 0.149493362762929
0.160441172301158 39.1959798994975 3.144324482284 0.168159702010959
0.166611986620433 40.7035175879397 3.39084696388319 0.188318582992814
0.172782800939709 42.2110552763819 3.64667218063707 0.210027411159796
0.178953615258984 43.7185929648241 3.91180013254563 0.233343591963204
0.185124429578259 45.2261306532663 4.18623081960888 0.258324530854341
0.191295243897535 46.7336683417085 4.46996424182681 0.285027633284506
0.19746605821681 48.2412060301508 4.76300039919943 0.313510304705001
0.203636872536085 49.748743718593 5.06533929172674 0.343829950567127
0.20980768685536 50 5.37375080303558 0.376038439530972
0.215978501174636 50 5.68229151899935 0.410150831668635
0.222149315493911 50 5.99083223496311 0.446167171274447
0.228320129813186 50 6.29937295092688 0.484087458348408
0.234490944132462 50 6.60791366689064 0.523911692890518
0.240661758451737 50 6.91645438285441 0.565639874900776
0.246832572771012 50 7.22499509881817 0.609272004379183
0.253003387090288 50 7.53353581478194 0.654808081325738
0.259174201409563 50 7.8420765307457 0.702248105740442
0.265345015728838 50 8.15061724670947 0.751592077623295
0.271515830048114 50 8.45915796267323 0.802839996974296
0.277686644367389 50 8.767698678637 0.855991863793446
0.283857458686664 50 9.07623939460077 0.911047678080745
0.290028273005939 50 9.38478011056453 0.968007439836192
0.296199087325215 50 9.69332082652829 1.02687114905979
0.30236990164449 50 10.0018615424921 1.08763880575153
0.308540715963765 50 10.3104022584558 1.15031040991143
0.314711530283041 50 10.6189429744196 1.21488596153947
0.320882344602316 50 10.9274836903834 1.28136546063566
0.327053158921591 50 11.2360244063471 1.3497489072
0.333223973240867 50 11.5445651223109 1.42003630123249
0.339394787560142 50 11.8531058382747 1.49222764273312
0.345565601879417 50 12.1616465542384 1.56632293170191
0.351736416198693 50 12.4701872702022 1.64232216813884
0.357907230517968 50 12.7787279861659 1.72022535204393
0.364078044837243 50 13.0872687021297 1.80003248341716
0.370248859156518 50 13.3958094180935 1.88174356225854
0.376419673475794 50 13.7043501340572 1.96535858856806
0.382590487795069 50 14.012890850021 2.05087756234574
0.388761302114344 50 14.3214315659848 2.13830048359157
0.39493211643362 50 14.6299722819485 2.22762735230554
0.401102930752895 50 14.9385129979123 2.31885816848767
0.40727374507217 50 15.2470537138761 2.41199293213794
0.413444559391446 48.9949748743719 15.553527155361 2.50702880841926
0.419615373710721 47.4874371859297 15.851214680311 2.60393000751322
0.425786188029996 45.9798994974874 16.1395994701063 2.70263947832316
0.431957002349272 44.4723618090452 16.4186815247469 2.80309981539779
0.438127816668547 42.964824120603 16.6884608442328 2.90525361328579
0.444298630987822 41.4572864321608 16.948937428564 3.00904346653587
0.450469445307097 39.9497487437186 17.2001112777405 3.11441196969672
0.456640259626373 38.4422110552764 17.4419823917624 3.22130171731705
0.462811073945648 36.9346733668342 17.6745507706295 3.32965530394556
0.468981888264923 35.427135678392 17.897816414342 3.43941532413094
0.475152702584199 33.9195979899498 18.1117793228998 3.55052437242189
0.481323516903474 32.4120603015075 18.3164394963029 3.66292504336711
0.487494331222749 30.9045226130653 18.5117969345513 3.77655993151531
0.493665145542025 29.3969849246231 18.697851637645 3.89137163141517
0.4998359598613 27.8894472361809 18.8746036055841 4.0073027376154
0.506006774180575 26.3819095477387 19.0420528383684 4.1242958446647
0.512177588499851 24.8743718592965 19.2001993359981 4.24229354711177
0.518348402819126 23.3668341708543 19.3490430984731 4.3612384395053
0.524519217138401 21.8592964824121 19.4885841257934 4.481073116394
0.530690031457676 20.3517587939699 19.618822417959 4.60174017232656
0.536860845776952 18.8442211055276 19.7397579749699 4.72318220185169
0.543031660096227 17.3366834170854 19.8513907968261 4.84534179951808
0.549202474415502 15.8291457286432 19.9537208835277 4.96816155987443
0.555373288734778 14.321608040201 20.0467482350745 5.09158407746943
0.561544103054053 12.8140703517588 20.1304728514667 5.2155519468518
0.567714917373328 11.3065326633166 20.2048947327042 5.34000776257023
0.573885731692604 9.79899497487437 20.270013878787 5.46489411917341
0.580056546011879 8.29145728643216 20.3258302897151 5.59015361121005
0.586227360331154 6.78391959798995 20.3723439654886 5.71572883322885
0.59239817465043 5.27638190954774 20.4095549061073 5.84156237977849
0.598568988969705 3.76884422110553 20.4374631115714 5.9675968454077
0.60473980328898 2.26130653266332 20.4560685818807 6.09377482466515
0.610910617608255 0.753768844221106 20.4653713170354 6.22003891209956
0.617081431927531 0 20.4665341589298 6.34633289820652
0.623252246246806 0 20.4665341589298 6.47262808026038
0.629423060566081 0 20.4665341589298 6.59892326231424
0.635593874885357 0 20.4665341589298 6.7252184443681
0.641764689204632 0 20.4665341589298 6.85151362642196
0.647935503523907 0 20.4665341589298 6.97780880847582
0.654106317843183 0 20.4665341589298 7.10410399052968
0.660277132162458 0 20.4665341589298 7.23039917258354
0.666447946481733 0 20.4665341589298 7.3566943546374
0.672618760801008 0 20.4665341589298 7.48298953669127
0.678789575120284 0 20.4665341589298 7.60928471874513
0.684960389439559 0 20.4665341589298 7.73557990079899
0.691131203758834 0 20.4665341589298 7.86187508285285
0.69730201807811 0 20.4665341589298 7.98817026490671
0.703472832397385 0 20.4665341589298 8.11446544696057
0.70964364671666 0 20.4665341589298 8.24076062901443
0.715814461035936 0 20.4665341589298 8.36705581106829
0.721985275355211 0 20.4665341589298 8.49335099312215
0.728156089674486 0 20.4665341589298 8.61964617517602
0.734326903993762 0 20.4665341589298 8.74594135722988
0.740497718313037 0 20.4665341589298 8.87223653928374
0.746668532632312 0 20.4665341589298 8.9985317213376
0.752839346951587 0 20.4665341589298 9.12482690339146
0.759010161270863 0 20.4665341589298 9.25112208544532
0.765180975590138 0 20.4665341589298 9.37741726749918
0.771351789909413 0 20.4665341589298 9.50371244955304
0.777522604228689 0 20.4665341589298 9.6300076316069
0.783693418547964 0 20.4665341589298 9.75630281366077
0.789864232867239 0 20.4665341589298 9.88259799571463
0.796035047186515 0 20.4665341589298 10.0088931777685
0.80220586150579 0 20.4665341589298 10.1351883598223
0.808376675825065 0 20.4665341589298 10.2614835418762
0.814547490144341 0 20.4665341589298 10.3877787239301
0.820718304463616 0 20.4665341589298 10.5140739059839
0.826889118782891 0 20.4665341589298 10.6403690880378
0.833059933102167 0 20.4665341589298 10.7666642700917
0.839230747421442 0 20.4665341589298 10.8929594521455
0.845401561740717 0 20.4665341589298 11.0192546341994
0.851572376059992 0 20.4665341589298 11.1455498162532
0.857743190379268 0 20.4665341589298 11.2718449983071
0.863914004698543 0 20.4665341589298 11.398140180361
0.870084819017818 0 20.4665341589298 11.5244353624148
0.876255633337094 0 20.4665341589298 11.6507305444687
0.882426447656369 0 20.4665341589298 11.7770257265225
0.888597261975644 0 20.4665341589298 11.9033209085764
0.89476807629492 0 20.4665341589298 12.0296160906303
0.900938890614195 0 20.4665341589298 12.1559112726841
0.90710970493347 0 20.4665341589298 12.282206454738
0.913280519252746 0 20.4665341589298 12.4085016367918
0.919451333572021 0 20.4665341589298 12.5347968188457
0.925622147891296 0 20.4665341589298 12.6610920008996
0.931792962210571 0 20.4665341589298 12.7873871829534
0.937963776529847 0 20.4665341589298 12.9136823650073
0.944134590849122 0 20.4665341589298 13.0399775470612
0.950305405168397 0 20.4665341589298 13.166272729115
0.956476219487673 0 20.4665341589298 13.2925679111689
0.962647033806948 0 20.4665341589298 13.4188630932227
0.968817848126223 0 20.4665341589298 13.5451582752766
0.974988662445499 0 20.4665341589298 13.6714534573305
0.981159476764774 0 20.4665341589298 13.7977486393843
0.987330291084049 0 20.4665341589298 13.9240438214382
0.993501105403324 0 20.4665341589298 14.050339003492
0.9996719197226 0 20.4665341589298 14.1766341855459
1.00584273404188 0 20.4665341589298 14.3029293675998
1.01201354836115 0 20.4665341589298 14.4292245496536
1.01818436268043 0 20.4665341589298 14.5555197317075
1.0243551769997 0 20.4665341589298 14.6818149137613
1.03052599131898 0 20.4665341589298 14.8081100958152
1.03669680563825 0 20.4665341589298 14.9344052778691
1.04286761995753 0 20.4665341589298 15.0607004599229
1.0490384342768 0 20.4665341589298 15.1869956419768
1.05520924859608 0 20.4665341589298 15.3132908240307
1.06138006291535 0 20.4665341589298 15.4395860060845
1.06755087723463 0 20.4665341589298 15.5658811881384
1.0737216915539 0 20.4665341589298 15.6921763701922
1.07989250587318 0 20.4665341589298 15.8184715522461
1.08606332019245 0 20.4665341589298 15.9447667343
1.09223413451173 0 20.4665341589298 16.0710619163538
1.098404948831 0 20.4665341589298 16.1973570984077
1.10457576315028 0 20.4665341589298 16.3236522804615
1.11074657746956 0 20.4665341589298 16.4499474625154
1.11691739178883 0 20.4665341589298 16.5762426445693
1.12308820610811 0 20.4665341589298 16.7025378266231
1.12925902042738 0 20.4665341589298 16.828833008677
1.13542983474666 0 20.4665341589298 16.9551281907308
1.14160064906593 0 20.4665341589298 17.0814233727847
1.14777146338521 0 20.4665341589298 17.2077185548386
1.15394227770448 0 20.4665341589298 17.3340137368924
1.16011309202376 0 20.4665341589298 17.4603089189463
1.16628390634303 0 20.4665341589298 17.5866041010001
1.17245472066231 0 20.4665341589298 17.712899283054
1.17862553498158 0 20.4665341589298 17.8391944651079
1.18479634930086 0 20.4665341589298 17.9654896471617
1.19096716362013 0 20.4665341589298 18.0917848292156
1.19713797793941 0 20.4665341589298 18.2180800112695
1.20330879225868 0 20.4665341589298 18.3443751933233
1.20947960657796 0 20.4665341589298 18.4706703753772
1.21565042089724 0 20.4665341589298 18.596965557431
1.22182123521651 0 20.4665341589298 18.7232607394849
1.22799204953579 0 20.4665341589298 18.8495559215388
