0 0
0.00388713896407547 0.00334409394928498
0.00777427792815095 0.0133763757971399
0.0116614168922264 0.0300968455435648
0.0155485558563019 0.0535055031885597
0.0194356948203774 0.0836023487321245
0.0233228337844528 0.120387382174259
0.0272099727485283 0.163860603514964
0.0310971117126038 0.214022012754239
0.0349842506766793 0.270871609892083
0.0388713896407547 0.334409394928498
0.0427585286048302 0.404635367863482
0.0466456675689057 0.481549528697037
0.0505328065329812 0.565151877429161
0.0544199454970566 0.655442414059856
0.0583070844611321 0.75242113858912
0.0621942234252076 0.856088051016955
0.0660813623892831 0.966443151343359
0.0699685013533585 1.08348643956833
0.073855640317434 1.20721791569188
0.0777427792815095 1.33763757971399
0.081629918245585 1.47474543163468
0.0855170572096604 1.61854147145393
0.0894041961737359 1.76902569917175
0.0932913351378114 1.92619811478815
0.0971784741018868 2.09005871830311
0.101065613065962 2.26060750971665
0.104952752030038 2.43784448902875
0.108839890994113 2.62176965623942
0.112727029958189 2.81238301134867
0.116614168922264 3.00968455435648
0.12050130788634 3.21367428526286
0.124388446850415 3.42435220406782
0.128275585814491 3.64171831077134
0.132162724778566 3.86577260537344
0.136049863742642 4.0965150878741
0.139937002706717 4.33394575827333
0.143824141670793 4.57806461657114
0.147711280634868 4.82887166276751
0.151598419598943 5.08636689686245
0.155485558563019 5.35055031885597
0.159372697527094 5.62142192874805
0.16325983649117 5.8989817265387
0.167146975455245 6.18322971222793
0.171034114419321 6.47416588581572
0.174921253383396 6.77179024730208
0.178808392347472 7.07610279668701
0.182695531311547 7.38710353397052
0.186582670275623 7.70479245915259
0.190469809239698 8.02916957223323
0.194356948203774 8.36023487321245
0.198244087167849 8.69798836209023
0.202131226131925 9.04243003886658
0.206018365096 9.3935599035415
0.209905504060076 9.751377956115
0.213792643024151 10.1158841965871
0.217679781988227 10.4870786249577
0.221566920952302 10.8649612412269
0.225454059916377 11.2495320453947
0.229341198880453 11.640791037461
0.233228337844528 12.0387382174259
0.237115476808604 12.4433735852894
0.241002615772679 12.8546971410515
0.244889754736755 13.2727088847121
0.24877689370083 13.6974088162713
0.252664032664906 14.128796935729
0.256551171628981 14.5668732430854
0.260438310593057 15.0116377383403
0.264325449557132 15.4630904214937
0.268212588521208 15.9212312925458
0.272099727485283 16.3860603514964
0.275986866449359 16.8575775983456
0.279874005413434 17.3357830330933
0.28376114437751 17.8206766557396
0.287648283341585 18.3122584662845
0.291535422305661 18.810528464728
0.295422561269736 19.31548665107
0.299309700233811 19.8271330253106
0.303196839197887 20.3454675874498
0.307083978161962 20.8704903374876
0.310971117126038 21.4022012754239
0.314858256090113 21.9406004012587
0.318745395054189 22.4856877149922
0.322632534018264 23.0374632166242
0.32651967298234 23.5959269061548
0.330406811946415 24.161078783584
0.334293950910491 24.7329188489117
0.338181089874566 25.311447102138
0.342068228838642 25.8966635432629
0.345955367802717 26.4885681722863
0.349842506766793 27.0871609892083
0.353729645730868 27.6924419940289
0.357616784694944 28.3044111867481
0.361503923659019 28.9230685673658
0.365391062623095 29.5484141358821
0.36927820158717 30.1804478922969
0.373165340551246 30.8191698366104
0.377052479515321 31.4645799688224
0.380939618479396 32.1166782889329
0.384826757443472 32.7754647969421
0.388713896407547 33.4409394928498
0.392601035371623 34.1131023766561
0.396488174335698 34.7919534483609
0.400375313299774 35.4774927079643
0.404262452263849 36.1697201554663
0.408149591227925 36.8686357908669
0.412036730192 37.574239614166
0.415923869156076 38.2865316253637
0.419811008120151 39.00551182446
0.423698147084227 39.7311802114548
0.427585286048302 40.4635367863482
0.431472425012378 41.2025815491402
0.435359563976453 41.9483144998308
0.439246702940529 42.7007356384199
0.443133841904604 43.4598449649076
0.44702098086868 44.2256424792938
0.450908119832755 44.9981281815787
0.45479525879683 45.7773020717621
0.458682397760906 46.563164149844
0.462569536724981 47.3557144158246
0.466456675689057 48.1549528697037
0.470343814653132 48.9608795114814
0.474230953617208 49.7734943411576
0.478118092581283 50.5927973587324
0.482005231545359 51.4187885642058
0.485892370509434 52.2514679575778
0.48977950947351 53.0908355388483
0.493666648437585 53.9368913080174
0.497553787401661 54.7896352650851
0.501440926365736 55.6490674100513
0.505328065329812 56.5151877429161
0.509215204293887 57.3879962636795
0.513102343257963 58.2674929723415
0.516989482222038 59.153677868902
0.520876621186114 60.0465509533611
0.524763760150189 60.9461122257187
0.528650899114264 61.852361685975
0.53253803807834 62.7652993341298
0.536425177042415 63.6849251701831
0.540312316006491 64.6112391941351
0.544199454970566 65.5442414059856
0.548086593934642 66.4839318057347
0.551973732898717 67.4303103933823
0.555860871862793 68.3833771689285
0.559748010826868 69.3431321323733
0.563635149790944 70.3095752837167
0.567522288755019 71.2827066229586
0.571409427719095 72.2625261500991
0.57529656668317 73.2490338651382
0.579183705647246 74.2422297680758
0.583070844611321 75.242113858912
0.586957983575397 76.2486861376468
0.590845122539472 77.2619466042801
0.594732261503548 78.2818952588121
0.598619400467623 79.3085321012425
0.602506539431699 80.3418571315716
0.606393678395774 81.3818703497992
0.610280817359849 82.4285717559254
0.614167956323925 83.4819613499502
0.618055095288 84.5420391318736
0.621942234252076 85.6088051016955
0.625829373216151 86.6822592594159
0.629716512180227 87.762401605035
0.633603651144302 88.8492321385526
0.637490790108378 89.9427508599688
0.641377929072453 91.0429577692835
0.645265068036529 92.1498528664969
0.649152207000604 93.2626001281214
0.65303934596468 94.3761834132333
0.656926484928755 95.4897666983452
0.660813623892831 96.6033499834571
0.664700762856906 97.716933268569
0.668587901820981 98.8305165536809
0.672475040785057 99.9440998387928
0.676362179749132 101.057683123905
0.680249318713208 102.171266409017
0.684136457677283 103.284849694129
0.688023596641359 104.39843297924
0.691910735605434 105.512016264352
0.69579787456951 106.625599549464
0.699685013533585 107.739182834576
0.703572152497661 108.852766119688
0.707459291461736 109.9663494048
0.711346430425812 111.079932689912
0.715233569389887 112.193515975024
0.719120708353963 113.307099260136
0.723007847318038 114.420682545248
0.726894986282114 115.534265830359
0.730782125246189 116.647849115471
0.734669264210265 117.761432400583
0.73855640317434 118.875015685695
0.742443542138416 119.988598970807
0.746330681102491 121.102182255919
0.750217820066566 122.215765541031
0.754104959030642 123.329348826143
0.757992097994717 124.442932111255
0.761879236958793 125.556515396366
0.765766375922868 126.670098681478
0.769653514886944 127.78368196659
0.773540653851019 128.897265251702
0.777427792815095 130.010848536814
0.78131493177917 131.124431821926
0.785202070743246 132.238015107038
0.789089209707321 133.35159839215
0.792976348671397 134.465181677262
0.796863487635472 135.578764962374
0.800750626599548 136.692348247485
0.804637765563623 137.805931532597
0.808524904527699 138.919514817709
0.812412043491774 140.033098102821
0.81629918245585 141.146681387933
0.820186321419925 142.260264673045
0.824073460384001 143.373847958157
0.827960599348076 144.487431243269
0.831847738312151 145.601014528381
0.835734877276227 146.714597813493
0.839622016240302 147.828181098604
0.843509155204378 148.941764383716
0.847396294168453 150.055347668828
0.851283433132529 151.16893095394
0.855170572096604 152.282514239052
0.85905771106068 153.396097524164
0.862944850024755 154.509680809276
0.866831988988831 155.623264094388
0.870719127952906 156.7368473795
0.874606266916982 157.850430664612
0.878493405881057 158.964013949723
0.882380544845133 160.077597234835
0.886267683809208 161.191180519947
0.890154822773284 162.304763805059
0.894041961737359 163.418347090171
0.897929100701435 164.531930375283
0.90181623966551 165.645513660395
0.905703378629585 166.759096945507
0.909590517593661 167.872680230619
0.913477656557736 168.986263515731
0.917364795521812 170.099846800842
0.921251934485887 171.213430085954
0.925139073449963 172.327013371066
0.929026212414038 173.440596656178
0.932913351378114 174.55417994129
0.936800490342189 175.667763226402
0.940687629306265 176.781346511514
0.94457476827034 177.894929796626
0.948461907234416 179.008513081738
0.952349046198491 180.122096366849
0.956236185162567 181.235679651961
0.960123324126642 182.349262937073
0.964010463090718 183.462846222185
0.967897602054793 184.576429507297
0.971784741018868 185.690012792409
0.975671879982944 186.803596077521
0.979559018947019 187.917179362633
0.983446157911095 189.030762647745
0.98733329687517 190.144345932857
0.991220435839246 191.257929217968
0.995107574803321 192.37151250308
0.998994713767397 193.485095788192
1.00288185273147 194.598679073304
1.00676899169555 195.712262358416
1.01065613065962 196.825845643528
1.0145432696237 197.93942892864
1.01843040858777 199.053012213752
1.02231754755185 200.166595498864
1.02620468651593 201.280178783976
1.03009182548 202.393762069087
1.03397896444408 203.507345354199
1.03786610340815 204.620928639311
1.04175324237223 205.734511924423
1.0456403813363 206.848095209535
1.04952752030038 207.961678494647
1.05341465926445 209.075261779759
1.05730179822853 210.188845064871
1.0611889371926 211.302428349983
1.06507607615668 212.416011635095
1.06896321512076 213.529594920206
1.07285035408483 214.643178205318
1.07673749304891 215.75676149043
1.08062463201298 216.870344775542
1.08451177097706 217.983928060654
1.08839890994113 219.097511345766
1.09228604890521 220.211094630878
1.09617318786928 221.32467791599
1.10006032683336 222.438261201102
1.10394746579743 223.551844486213
1.10783460476151 224.665427771325
1.11172174372559 225.779011056437
1.11560888268966 226.892594341549
1.11949602165374 228.006177626661
1.12338316061781 229.119760911773
1.12727029958189 230.233344196885
1.13115743854596 231.346927481997
1.13504457751004 232.460510767109
1.13893171647411 233.574094052221
1.14281885543819 234.687677337332
1.14670599440226 235.801260622444
1.15059313336634 236.914843907556
1.15448027233042 238.028427192668
1.15836741129449 239.14201047778
1.16225455025857 240.255593762892
1.16614168922264 241.369177048004
1.17002882818672 242.482760333116
1.17391596715079 243.596343618228
1.17780310611487 244.70992690334
1.18169024507894 245.823510188451
1.18557738404302 246.937093473563
1.1894645230071 248.050676758675
1.19335166197117 249.164260043787
1.19723880093525 250.277843328899
1.20112593989932 251.391426614011
1.2050130788634 252.505009899123
1.20890021782747 253.618593184235
1.21278735679155 254.732176469347
1.21667449575562 255.845759754459
1.2205616347197 256.95934303957
1.22444877368377 258.072926324682
1.22833591264785 259.186509609794
1.23222305161193 260.300092894906
1.236110190576 261.413676180018
1.23999732954008 262.52725946513
1.24388446850415 263.640842750242
1.24777160746823 264.754426035354
1.2516587464323 265.868009320466
1.25554588539638 266.981592605578
1.25943302436045 268.095175890689
1.26332016332453 269.208759175801
1.2672073022886 270.322342460913
1.27109444125268 271.435925746025
1.27498158021676 272.549509031137
1.27886871918083 273.663092316249
1.28275585814491 274.776675601361
1.28664299710898 275.890258886473
1.29053013607306 277.003842171585
1.29441727503713 278.117425456696
1.29830441400121 279.227664647859
1.30219155296528 280.331215651123
1.30607869192936 281.428078466489
1.30996583089343 282.518253093956
1.31385296985751 283.601739533524
1.31774010882159 284.678537785194
1.32162724778566 285.748647848965
1.32551438674974 286.812069724837
1.32940152571381 287.868803412811
1.33328866467789 288.918848912887
1.33717580364196 289.962206225064
1.34106294260604 290.998875349342
1.34495008157011 292.028856285722
1.34883722053419 293.052149034203
1.35272435949826 294.068753594786
1.35661149846234 295.07866996747
1.36049863742642 296.081898152255
1.36438577639049 297.078438149142
1.36827291535457 298.068289958131
1.37216005431864 299.05145357922
1.37604719328272 300.027929012412
1.37993433224679 300.997716257704
1.38382147121087 301.960815315098
1.38770861017494 302.917226184594
1.39159574913902 303.866948866191
1.3954828881031 304.809983359889
1.39937002706717 305.746329665689
1.40325716603125 306.67598778359
1.40714430499532 307.598957713593
1.4110314439594 308.515239455697
1.41491858292347 309.424833009902
1.41880572188755 310.327738376209
1.42269286085162 311.223955554618
1.4265799998157 312.113484545128
1.43046713877977 312.996325347739
1.43435427774385 313.872477962452
1.43824141670793 314.741942389266
1.442128555672 315.604718628181
1.44601569463608 316.460806679198
1.44990283360015 317.310206542316
1.45378997256423 318.152918217536
1.4576771115283 318.988941704857
1.46156425049238 319.81827700428
1.46545138945645 320.640924115804
1.46933852842053 321.45688303943
1.4732256673846 322.266153775157
1.47711280634868 323.068736322985
1.48099994531276 323.864630682915
1.48488708427683 324.653836854946
1.48877422324091 325.436354839079
1.49266136220498 326.212184635313
1.49654850116906 326.981326243649
1.50043564013313 327.743779664086
1.50432277909721 328.499544896624
1.50820991806128 329.248621941264
1.51209705702536 329.991010798005
1.51598419598943 330.726711466848
1.51987133495351 331.455723947792
1.52375847391759 332.178048240837
1.52764561288166 332.893684345984
1.53153275184574 333.602632263233
1.53541989080981 334.304891992583
1.53930702977389 335.000463534034
1.54319416873796 335.689346887587
1.54708130770204 336.371542053241
1.55096844666611 337.047049030996
1.55485558563019 337.715867820853
1.55874272459427 338.377998422812
1.56262986355834 339.033440836872
1.56651700252242 339.682195063033
1.57040414148649 340.324261101296
1.57429128045057 340.95963895166
1.57817841941464 341.588328614125
1.58206555837872 342.210330088692
1.58595269734279 342.825643375361
1.58983983630687 343.434268474131
1.59372697527094 344.036205385002
1.59761411423502 344.631454107975
1.6015012531991 345.220014643049
1.60538839216317 345.801886990224
1.60927553112725 346.377071149501
1.61316267009132 346.94556712088
1.6170498090554 347.50737490436
1.62093694801947 348.062494499941
1.62482408698355 348.610925907624
1.62871122594762 349.152669127408
1.6325983649117 349.687724159294
1.63648550387577 350.216091003281
1.64037264283985 350.737769659369
1.64425978180393 351.252760127559
1.648146920768 351.76106240785
1.65203405973208 352.262676500243
1.65592119869615 352.757602404737
1.65980833766023 353.245840121333
1.6636954766243 353.72738965003
1.66758261558838 354.202250990828
1.67146975455245 354.670424143728
1.67535689351653 355.13190910873
1.6792440324806 355.586705885832
1.68313117144468 356.034814475037
1.68701831040876 356.476234876342
1.69090544937283 356.910967089749
1.69479258833691 357.339011115258
1.69867972730098 357.760366952868
1.70256686626506 358.175034602579
1.70645400522913 358.583014064392
1.71034114419321 358.984305338306
1.71422828315728 359.378908424321
1.71811542212136 359.766823322439
1.72200256108544 360.148050032657
1.72588970004951 360.522588554977
1.72977683901359 360.890438889398
1.73366397797766 361.251601035921
1.73755111694174 361.606074994545
1.74143825590581 361.953860765271
1.74532539486989 362.294958348098
1.74921253383396 362.629367743026
1.75309967279804 362.957088950056
1.75698681176211 363.278121969188
1.76087395072619 363.592466800421
1.76476108969027 363.900123443755
1.76864822865434 364.20109189919
1.77253536761842 364.495372166728
1.77642250658249 364.782964246366
1.78030964554657 365.063868138106
1.78419678451064 365.338083841947
1.78808392347472 365.60561135789
1.79197106243879 365.866450685934
1.79585820140287 366.12060182608
1.79974534036694 366.368064778327
1.80363247933102 366.608839542676
1.8075196182951 366.842926119126
1.81140675725917 367.070324507677
1.81529389622325 367.29103470833
1.81918103518732 367.505056721084
1.8230681741514 367.71239054594
1.82695531311547 367.913036182897
1.83084245207955 368.106993631955
1.83472959104362 368.294262893115
1.8386167300077 368.474843966377
1.84250386897177 368.648736851739
1.84639100793585 368.815941549204
1.85027814689993 368.976458058769
1.854165285864 369.130286380436
1.85805242482808 369.277426514205
1.86193956379215 369.417878460075
1.86582670275623 369.551642218046
1.8697138417203 369.678717788119
1.87360098068438 369.799105170293
1.87748811964845 369.912804364569
1.88137525861253 370.019815370946
1.8852623975766 370.120138189425
1.88914953654068 370.213772820005
1.89303667550476 370.300719262686
1.89692381446883 370.380977517469
1.90081095343291 370.454547584353
1.90469809239698 370.521429463339
1.90858523136106 370.581623154426
1.91247237032513 370.635128657615
1.91635950928921 370.681945972905
1.92024664825328 370.722075100296
1.92413378721736 370.755516039789
1.92802092618144 370.782268791383
1.93190806514551 370.802333355079
1.93579520410959 370.815709730876
1.93968234307366 370.822397918775
1.94356948203774 370.823233942262
1.94745662100181 370.823233942262
1.95134375996589 370.823233942262
1.95523089892996 370.823233942262
1.95911803789404 370.823233942262
1.96300517685811 370.823233942262
1.96689231582219 370.823233942262
1.97077945478627 370.823233942262
1.97466659375034 370.823233942262
1.97855373271442 370.823233942262
1.98244087167849 370.823233942262
1.98632801064257 370.823233942262
1.99021514960664 370.823233942262
1.99410228857072 370.823233942262
1.99798942753479 370.823233942262
2.00187656649887 370.823233942262
2.00576370546294 370.823233942262
2.00965084442702 370.823233942262
2.0135379833911 370.823233942262
2.01742512235517 370.823233942262
2.02131226131925 370.823233942262
2.02519940028332 370.823233942262
2.0290865392474 370.823233942262
2.03297367821147 370.823233942262
2.03686081717555 370.823233942262
2.04074795613962 370.823233942262
2.0446350951037 370.823233942262
2.04852223406777 370.823233942262
2.05240937303185 370.823233942262
2.05629651199593 370.823233942262
2.06018365096 370.823233942262
2.06407078992408 370.823233942262
2.06795792888815 370.823233942262
2.07184506785223 370.823233942262
2.0757322068163 370.823233942262
2.07961934578038 370.823233942262
2.08350648474445 370.823233942262
2.08739362370853 370.823233942262
2.0912807626726 370.823233942262
2.09516790163668 370.823233942262
2.09905504060076 370.823233942262
2.10294217956483 370.823233942262
2.10682931852891 370.823233942262
2.11071645749298 370.823233942262
2.11460359645706 370.823233942262
2.11849073542113 370.823233942262
2.12237787438521 370.823233942262
2.12626501334928 370.823233942262
2.13015215231336 370.823233942262
2.13403929127744 370.823233942262
2.13792643024151 370.823233942262
2.14181356920559 370.823233942262
2.14570070816966 370.823233942262
2.14958784713374 370.823233942262
2.15347498609781 370.823233942262
2.15736212506189 370.823233942262
2.16124926402596 370.823233942262
2.16513640299004 370.823233942262
2.16902354195411 370.823233942262
2.17291068091819 370.823233942262
2.17679781988227 370.823233942262
2.18068495884634 370.823233942262
2.18457209781042 370.823233942262
2.18845923677449 370.823233942262
2.19234637573857 370.823233942262
2.19623351470264 370.823233942262
2.20012065366672 370.823233942262
2.20400779263079 370.823233942262
2.20789493159487 370.823233942262
2.21178207055894 370.823233942262
2.21566920952302 370.823233942262
2.2195563484871 370.823233942262
2.22344348745117 370.823233942262
2.22733062641525 370.823233942262
2.23121776537932 370.823233942262
2.2351049043434 370.823233942262
2.23899204330747 370.823233942262
2.24287918227155 370.823233942262
2.24676632123562 370.823233942262
2.2506534601997 370.823233942262
2.25454059916378 370.823233942262
2.25842773812785 370.823233942262
2.26231487709193 370.823233942262
2.266202016056 370.823233942262
2.27008915502008 370.823233942262
2.27397629398415 370.823233942262
2.27786343294823 370.823233942262
2.2817505719123 370.823233942262
2.28563771087638 370.823233942262
2.28952484984045 370.823233942262
2.29341198880453 370.823233942262
2.29729912776861 370.823233942262
2.30118626673268 370.823233942262
2.30507340569676 370.823233942262
2.30896054466083 370.823233942262
2.31284768362491 370.823233942262
2.31673482258898 370.823233942262
2.32062196155306 370.823233942262
2.32450910051713 370.823233942262
2.32839623948121 370.823233942262
2.33228337844528 370.823233942262
2.33617051740936 370.823233942262
2.34005765637344 370.823233942262
2.34394479533751 370.823233942262
2.34783193430159 370.823233942262
2.35171907326566 370.823233942262
2.35560621222974 370.823233942262
2.35949335119381 370.823233942262
2.36338049015789 370.823233942262
2.36726762912196 370.823233942262
2.37115476808604 370.823233942262
2.37504190705011 370.823233942262
2.37892904601419 370.823233942262
2.38281618497827 370.823233942262
2.38670332394234 370.823233942262
2.39059046290642 370.823233942262
2.39447760187049 370.823233942262
2.39836474083457 370.823233942262
2.40225187979864 370.823233942262
2.40613901876272 370.823233942262
2.41002615772679 370.823233942262
2.41391329669087 370.823233942262
2.41780043565494 370.823233942262
2.42168757461902 370.823233942262
2.4255747135831 370.823233942262
2.42946185254717 370.823233942262
2.43334899151125 370.823233942262
2.43723613047532 370.823233942262
2.4411232694394 370.823233942262
2.44501040840347 370.823233942262
2.44889754736755 370.823233942262
2.45278468633162 370.823233942262
2.4566718252957 370.823233942262
2.46055896425977 370.823233942262
2.46444610322385 370.823233942262
2.46833324218793 370.823233942262
2.472220381152 370.823233942262
2.47610752011608 370.823233942262
2.47999465908015 370.823233942262
2.48388179804423 370.823233942262
2.4877689370083 370.823233942262
2.49165607597238 370.823233942262
2.49554321493645 370.823233942262
2.49943035390053 370.823233942262
2.50331749286461 370.823233942262
2.50720463182868 370.823233942262
2.51109177079276 370.823233942262
2.51497890975683 370.823233942262
2.51886604872091 370.823233942262
2.52275318768498 370.823233942262
2.52664032664906 370.823233942262
2.53052746561313 370.823233942262
2.53441460457721 370.823233942262
2.53830174354128 370.823233942262
2.54218888250536 370.823233942262
2.54607602146944 370.823233942262
2.54996316043351 370.823233942262
2.55385029939759 370.823233942262
2.55773743836166 370.823233942262
2.56162457732574 370.823233942262
2.56551171628981 370.823233942262
2.56939885525389 370.823233942262
2.57328599421796 370.823233942262
2.57717313318204 370.823233942262
2.58106027214611 370.823233942262
2.58494741111019 370.823233942262
2.58883455007427 370.823233942262
2.59272168903834 370.823233942262
2.59660882800242 370.823233942262
2.60049596696649 370.823233942262
2.60438310593057 370.823233942262
2.60827024489464 370.823233942262
2.61215738385872 370.823233942262
2.61604452282279 370.823233942262
2.61993166178687 370.823233942262
2.62381880075095 370.823233942262
2.62770593971502 370.823233942262
2.6315930786791 370.823233942262
2.63548021764317 370.823233942262
2.63936735660725 370.823233942262
2.64325449557132 370.823233942262
2.6471416345354 370.823233942262
2.65102877349947 370.823233942262
2.65491591246355 370.823233942262
2.65880305142762 370.823233942262
2.6626901903917 370.823233942262
2.66657732935578 370.823233942262
2.67046446831985 370.823233942262
2.67435160728393 370.823233942262
2.678238746248 370.823233942262
2.68212588521208 370.823233942262
2.68601302417615 370.823233942262
2.68990016314023 370.823233942262
2.6937873021043 370.823233942262
2.69767444106838 370.823233942262
2.70156158003245 370.823233942262
2.70544871899653 370.823233942262
2.70933585796061 370.823233942262
2.71322299692468 370.823233942262
2.71711013588876 370.823233942262
2.72099727485283 370.823233942262
2.72488441381691 370.823233942262
2.72877155278098 370.823233942262
2.73265869174506 370.823233942262
2.73654583070913 370.823233942262
2.74043296967321 370.823233942262
2.74432010863728 370.823233942262
2.74820724760136 370.823233942262
2.75209438656544 370.823233942262
2.75598152552951 370.823233942262
2.75986866449359 370.823233942262
2.76375580345766 370.823233942262
2.76764294242174 370.823233942262
2.77153008138581 370.823233942262
2.77541722034989 370.823233942262
2.77930435931396 370.823233942262
2.78319149827804 370.823233942262
2.78707863724211 370.823233942262
2.79096577620619 370.823233942262
2.79485291517027 370.823233942262
2.79874005413434 370.823233942262
2.80262719309842 370.823233942262
2.80651433206249 370.823233942262
2.81040147102657 370.823233942262
2.81428860999064 370.823233942262
2.81817574895472 370.823233942262
2.82206288791879 370.823233942262
2.82595002688287 370.823233942262
2.82983716584695 370.823233942262
2.83372430481102 370.823233942262
2.8376114437751 370.823233942262
2.84149858273917 370.823233942262
2.84538572170325 370.823233942262
2.84927286066732 370.823233942262
2.8531599996314 370.823233942262
2.85704713859547 370.823233942262
2.86093427755955 370.823233942262
2.86482141652362 370.823233942262
2.8687085554877 370.823233942262
2.87259569445178 370.823233942262
2.87648283341585 370.823233942262
2.88036997237993 370.823233942262
2.884257111344 370.823233942262
2.88814425030808 370.823233942262
2.89203138927215 370.823233942262
2.89591852823623 370.823233942262
2.8998056672003 370.823233942262
2.90369280616438 370.823233942262
2.90757994512845 370.823233942262
2.91146708409253 370.823233942262
2.91535422305661 370.823233942262
2.91924136202068 370.823233942262
2.92312850098476 370.823233942262
2.92701563994883 370.823233942262
2.93090277891291 370.823233942262
2.93478991787698 370.823233942262
2.93867705684106 370.823233942262
2.94256419580513 370.823233942262
2.94645133476921 370.823233942262
2.95033847373328 370.823233942262
2.95422561269736 370.823233942262
2.95811275166144 370.823233942262
2.96199989062551 370.823233942262
2.96588702958959 370.823233942262
2.96977416855366 370.823233942262
2.97366130751774 370.823233942262
2.97754844648181 370.823233942262
2.98143558544589 370.823233942262
2.98532272440996 370.823233942262
2.98920986337404 370.823233942262
2.99309700233812 370.823233942262
2.99698414130219 370.823233942262
3.00087128026627 370.823233942262
3.00475841923034 370.823233942262
3.00864555819442 370.823233942262
3.01253269715849 370.823233942262
3.01641983612257 370.823233942262
3.02030697508664 370.823233942262
3.02419411405072 370.823233942262
3.02808125301479 370.823233942262
3.03196839197887 370.823233942262
3.03585553094295 370.823233942262
3.03974266990702 370.823233942262
3.0436298088711 370.823233942262
3.04751694783517 370.823233942262
3.05140408679925 370.823233942262
3.05529122576332 370.823233942262
3.0591783647274 370.823233942262
3.06306550369147 370.823233942262
3.06695264265555 370.823233942262
3.07083978161962 370.823233942262
3.0747269205837 370.823233942262
3.07861405954778 370.823233942262
3.08250119851185 370.823233942262
3.08638833747593 370.823233942262
3.09027547644 370.823233942262
3.09416261540408 370.823233942262
3.09804975436815 370.823233942262
3.10193689333223 370.823233942262
3.1058240322963 370.823233942262
3.10971117126038 370.823233942262
3.11359831022445 370.823233942262
3.11748544918853 370.823233942262
3.12137258815261 370.823233942262
3.12525972711668 370.823233942262
3.12914686608076 370.823233942262
3.13303400504483 370.823233942262
3.13692114400891 370.823233942262
3.14080828297298 370.823233942262
3.14469542193706 370.823233942262
3.14858256090113 370.823233942262
3.15246969986521 370.823233942262
3.15635683882928 370.823233942262
3.16024397779336 370.823233942262
3.16413111675744 370.823233942262
3.16801825572151 370.823233942262
3.17190539468559 370.823233942262
3.17579253364966 370.823233942262
3.17967967261374 370.823233942262
3.18356681157781 370.823233942262
3.18745395054189 370.823233942262
3.19134108950596 370.823233942262
3.19522822847004 370.823233942262
3.19911536743412 370.823233942262
3.20300250639819 370.823233942262
3.20688964536227 370.823233942262
3.21077678432634 370.823233942262
3.21466392329042 370.823233942262
3.21855106225449 370.823233942262
3.22243820121857 370.823233942262
3.22632534018264 370.823233942262
3.23021247914672 370.823233942262
3.23409961811079 370.823233942262
3.23798675707487 370.823233942262
3.24187389603895 370.823233942262
3.24576103500302 370.823233942262
3.2496481739671 370.823233942262
3.25353531293117 370.823233942262
3.25742245189525 370.823233942262
3.26130959085932 370.823233942262
3.2651967298234 370.823233942262
3.26908386878747 370.823233942262
3.27297100775155 370.823233942262
3.27685814671562 370.823233942262
3.2807452856797 370.823233942262
3.28463242464378 370.823233942262
3.28851956360785 370.823233942262
3.29240670257193 370.823233942262
3.296293841536 370.823233942262
3.30018098050008 370.823233942262
3.30406811946415 370.823233942262
3.30795525842823 370.823233942262
3.3118423973923 370.823233942262
3.31572953635638 370.823233942262
3.31961667532045 370.823233942262
3.32350381428453 370.823233942262
3.32739095324861 370.823233942262
3.33127809221268 370.823233942262
3.33516523117676 370.823233942262
3.33905237014083 370.823233942262
3.34293950910491 370.823233942262
3.34682664806898 370.823233942262
3.35071378703306 370.823233942262
3.35460092599713 370.823233942262
3.35848806496121 370.823233942262
3.36237520392529 370.823233942262
3.36626234288936 370.823233942262
3.37014948185344 370.823233942262
3.37403662081751 370.823233942262
3.37792375978159 370.823233942262
3.38181089874566 370.823233942262
3.38569803770974 370.823233942262
3.38958517667381 370.823233942262
3.39347231563789 370.823233942262
3.39735945460196 370.823233942262
3.40124659356604 370.823233942262
3.40513373253012 370.823233942262
3.40902087149419 370.823233942262
3.41290801045827 370.823233942262
3.41679514942234 370.823233942262
3.42068228838642 370.823233942262
3.42456942735049 370.823233942262
3.42845656631457 370.823233942262
3.43234370527864 370.823233942262
3.43623084424272 370.823233942262
3.44011798320679 370.823233942262
3.44400512217087 370.823233942262
3.44789226113495 370.823233942262
3.45177940009902 370.823233942262
3.4556665390631 370.823233942262
3.45955367802717 370.823233942262
3.46344081699125 370.823233942262
3.46732795595532 370.823233942262
3.4712150949194 370.823233942262
3.47510223388347 370.823233942262
3.47898937284755 370.823233942262
3.48287651181162 370.823233942262
3.4867636507757 370.823233942262
3.49065078973978 370.823233942262
3.49453792870385 370.823233942262
3.49842506766793 370.823233942262
3.502312206632 370.823233942262
3.50619934559608 370.823233942262
3.51008648456015 370.823233942262
3.51397362352423 370.823233942262
3.5178607624883 370.823233942262
3.52174790145238 370.823233942262
3.52563504041645 370.823233942262
3.52952217938053 370.823233942262
3.53340931834461 370.823233942262
3.53729645730868 370.823233942262
3.54118359627276 370.823233942262
3.54507073523683 370.823233942262
3.54895787420091 370.823233942262
3.55284501316498 370.823233942262
3.55673215212906 370.823233942262
3.56061929109313 370.823233942262
3.56450643005721 370.823233942262
3.56839356902129 370.823233942262
3.57228070798536 370.823233942262
3.57616784694944 370.823233942262
3.58005498591351 370.823233942262
3.58394212487759 370.823233942262
3.58782926384166 370.823233942262
3.59171640280574 370.823233942262
3.59560354176981 370.823233942262
3.59949068073389 370.823233942262
3.60337781969796 370.823233942262
3.60726495866204 370.823233942262
3.61115209762612 370.823233942262
3.61503923659019 370.823233942262
3.61892637555427 370.823233942262
3.62281351451834 370.823233942262
3.62670065348242 370.823233942262
3.63058779244649 370.823233942262
3.63447493141057 370.823233942262
3.63836207037464 370.823233942262
3.64224920933872 370.823233942262
3.64613634830279 370.823233942262
3.65002348726687 370.823233942262
3.65391062623095 370.823233942262
3.65779776519502 370.823233942262
3.6616849041591 370.823233942262
3.66557204312317 370.823233942262
3.66945918208725 370.823233942262
3.67334632105132 370.823233942262
3.6772334600154 370.823233942262
3.68112059897947 370.823233942262
3.68500773794355 370.823233942262
3.68889487690762 370.823233942262
3.6927820158717 370.823233942262
3.69666915483578 370.823233942262
3.70055629379985 370.823233942262
3.70444343276393 370.823233942262
3.708330571728 370.823233942262
3.71221771069208 370.823233942262
3.71610484965615 370.823233942262
3.71999198862023 370.823233942262
3.7238791275843 370.823233942262
3.72776626654838 370.823233942262
3.73165340551245 370.823233942262
3.73554054447653 370.823233942262
3.73942768344061 370.823233942262
3.74331482240468 370.823233942262
3.74720196136876 370.823233942262
3.75108910033283 370.823233942262
3.75497623929691 370.823233942262
3.75886337826098 370.823233942262
3.76275051722506 370.823233942262
3.76663765618913 370.823233942262
3.77052479515321 370.823233942262
3.77441193411729 370.823233942262
3.77829907308136 370.823233942262
3.78218621204544 370.823233942262
3.78607335100951 370.823233942262
3.78996048997359 370.823233942262
3.79384762893766 370.823233942262
3.79773476790174 370.823233942262
3.80162190686581 370.823233942262
3.80550904582989 370.823233942262
3.80939618479396 370.823233942262
3.81328332375804 370.823233942262
3.81717046272212 370.823233942262
3.82105760168619 370.823233942262
3.82494474065027 370.823233942262
3.82883187961434 370.823233942262
3.83271901857842 370.823233942262
3.83660615754249 370.823233942262
3.84049329650657 370.823233942262
3.84438043547064 370.823233942262
3.84826757443472 370.823233942262
3.85215471339879 370.823233942262
3.85604185236287 370.823233942262
3.85992899132695 370.823233942262
3.86381613029102 370.823233942262
3.8677032692551 370.823233942262
3.87159040821917 370.823233942262
3.87547754718325 370.823233942262
3.87936468614732 370.823233942262
3.8832518251114 370.823233942262
