Tiempo Aceleracion Velocidad Posicion
0 0 0 0
0.00388713896407547 0.03003003003003 5.83654499110432e-05 7.56248715016704e-08
0.00777427792815095 0.0600600600600601 0.000233461799644173 6.04998972013363e-07
0.0116614168922264 0.0900900900900901 0.000525289049199388 2.0418715305451e-06
0.0155485558563019 0.12012012012012 0.00093384719857669 4.83999177610691e-06
0.0194356948203774 0.15015015015015 0.00145913624777608 9.4531089377088e-06
0.0233228337844528 0.18018018018018 0.00210115619679755 1.63349722443608e-05
0.0272099727485283 0.21021021021021 0.00285990704564111 2.5939330925073e-05
0.0310971117126038 0.24024024024024 0.00373538879430676 3.87199342088553e-05
0.0349842506766793 0.27027027027027 0.0047276014427945 5.51305313247177e-05
0.0388713896407547 0.3003003003003 0.00583654499110431 7.56248715016704e-05
0.0427585286048302 0.33033033033033 0.00706221943923622 0.000100656703968723
0.0466456675689057 0.36036036036036 0.00840462478719021 0.000130679777954886
0.0505328065329812 0.39039039039039 0.00986376103496629 0.00016614784268917
0.0544199454970566 0.42042042042042 0.0114396281825645 0.000207514647400584
0.0583070844611321 0.45045045045045 0.0131322262299847 0.000255233941318138
0.0621942234252076 0.48048048048048 0.014941555177227 0.000309759473670842
0.0660813623892831 0.510510510510511 0.0168676150242915 0.000371544993687707
0.0699685013533585 0.540540540540541 0.018910405771178 0.000441044250597742
0.073855640317434 0.570570570570571 0.0210699274178866 0.000518710993629957
0.0777427792815095 0.600600600600601 0.0233461799644173 0.000604998972013363
0.081629918245585 0.630630630630631 0.02573916341077 0.00070036193497697
0.0855170572096604 0.660660660660661 0.0282488777569449 0.000805253631749787
0.0894041961737359 0.690690690690691 0.0308753230029418 0.000920127811560824
0.0932913351378114 0.720720720720721 0.0336184991487609 0.00104543822363909
0.0971784741018868 0.750750750750751 0.036478406194402 0.0011816386172136
0.101065613065962 0.780780780780781 0.0394550441398652 0.00132918274151336
0.104952752030038 0.810810810810811 0.0425484129851505 0.00148852434576738
0.108839890994113 0.840840840840841 0.0457585127302578 0.00166011717920467
0.112727029958189 0.870870870870871 0.0490853433751873 0.00184441499105424
0.116614168922264 0.900900900900901 0.0525289049199388 0.0020418715305451
0.12050130788634 0.930930930930931 0.0560891973645125 0.00225294054690626
0.124388446850415 0.960960960960961 0.0597662207089082 0.00247807578936674
0.128275585814491 0.990990990990991 0.063559974953126 0.00271773100715553
0.132162724778566 1.02102102102102 0.0674704600971659 0.00297235994950165
0.136049863742642 1.05105105105105 0.0714976761410279 0.00324241636563412
0.139937002706717 1.08108108108108 0.0756416230847119 0.00352835400478193
0.143824141670793 1.11111111111111 0.0799023009282181 0.00383062661617411
0.147711280634868 1.14114114114114 0.0842797096715463 0.00414968794903966
0.151598419598943 1.17117117117117 0.0887738493146966 0.00448599175260759
0.155485558563019 1.2012012012012 0.093384719857669 0.00483999177610691
0.159372697527094 1.23123123123123 0.0981123213004635 0.00521214176876663
0.16325983649117 1.26126126126126 0.10295665364308 0.00560289547981576
0.167146975455245 1.29129129129129 0.107917716885519 0.00601270665848331
0.171034114419321 1.32132132132132 0.11299551102778 0.00644202905399829
0.174921253383396 1.35135135135135 0.118190036069862 0.00689131641558972
0.178808392347472 1.38138138138138 0.123501292011767 0.00736102249248659
0.182695531311547 1.41141141141141 0.128929278853494 0.00785160103391793
0.186582670275623 1.44144144144144 0.134473996595043 0.00836350578911273
0.190469809239698 1.47147147147147 0.140135445236415 0.00889719050730002
0.194356948203774 1.5015015015015 0.145913624777608 0.0094531089377088
0.198244087167849 1.53153153153153 0.151808535218623 0.0100317148295681
0.202131226131925 1.56156156156156 0.157820176559461 0.0106334619321069
0.206018365096 1.59159159159159 0.16394854880012 0.0112588039945542
0.209905504060076 1.62162162162162 0.170193651940602 0.011908194766139
0.213792643024151 1.65165165165165 0.176555485980906 0.0125820879960904
0.217679781988227 1.68168168168168 0.183034050921031 0.0132809374336374
0.221566920952302 1.71171171171171 0.189629346760979 0.0140051968280088
0.225454059916377 1.74174174174174 0.196341373500749 0.0147553199284339
0.229341198880453 1.77177177177177 0.203170131140341 0.0155317604841416
0.233228337844528 1.8018018018018 0.210115619679755 0.0163349722443608
0.237115476808604 1.83183183183183 0.217177839118992 0.0171654089583207
0.241002615772679 1.86186186186186 0.22435678945805 0.0180235243752501
0.244889754736755 1.89189189189189 0.23165247069693 0.0189097722443782
0.24877689370083 1.92192192192192 0.239064882835633 0.0198246063149339
0.252664032664906 1.95195195195195 0.246594025874157 0.0207684803361462
0.256551171628981 1.98198198198198 0.254239899812504 0.0217418480572442
0.260438310593057 2.01201201201201 0.262002504650673 0.0227451632274569
0.264325449557132 2.04204204204204 0.269881840388664 0.0237788795960132
0.268212588521208 2.07207207207207 0.277877907026476 0.0248434509121422
0.272099727485283 2.1021021021021 0.285990704564111 0.025939330925073
0.275986866449359 2.13213213213213 0.294220233001569 0.0270669733840344
0.279874005413434 2.16216216216216 0.302566492338848 0.0282268320382555
0.28376114437751 2.19219219219219 0.311029482575949 0.0294193606369653
0.287648283341585 2.22222222222222 0.319609203712872 0.0306450129293929
0.291535422305661 2.25225225225225 0.328305655749618 0.0319042426647672
0.295422561269736 2.28228228228228 0.337118838686185 0.0331975035923173
0.299309700233811 2.31231231231231 0.346048752522575 0.0345252494612721
0.303196839197887 2.34234234234234 0.355095397258787 0.0358879340208607
0.307083978161962 2.37237237237237 0.36425877289482 0.0372860110203121
0.310971117126038 2.4024024024024 0.373538879430676 0.0387199342088553
0.314858256090113 2.43243243243243 0.382935716866354 0.0401901573357192
0.318745395054189 2.46246246246246 0.392449285201854 0.041697134150133
0.322632534018264 2.49249249249249 0.402079584437176 0.0432413184013256
0.32651967298234 2.52252252252252 0.411826614572321 0.0448231638385261
0.330406811946415 2.55255255255255 0.421690375607287 0.0464431242109633
0.334293950910491 2.58258258258258 0.431670867542075 0.0481016532678665
0.338181089874566 2.61261261261261 0.441768090376686 0.0497992047584645
0.342068228838642 2.64264264264264 0.451982044111118 0.0515362324319863
0.345955367802717 2.67267267267267 0.462312728745373 0.0533131900376611
0.349842506766793 2.7027027027027 0.47276014427945 0.0551305313247177
0.353729645730868 2.73273273273273 0.483324290713348 0.0569887100423853
0.357616784694944 2.76276276276276 0.494005168047069 0.0588881799398927
0.361503923659019 2.79279279279279 0.504802776280612 0.0608293947664691
0.365391062623095 2.82282282282282 0.515717115413977 0.0628128082713434
0.36927820158717 2.85285285285285 0.526748185447165 0.0648388742037447
0.373165340551246 2.88288288288288 0.537895986380174 0.0669080463129019
0.377052479515321 2.91291291291291 0.549160518213005 0.069020778348044
0.380939618479396 2.94294294294294 0.560541780945658 0.0711775240584002
0.384826757443472 2.97297297297297 0.572039774578134 0.0733787371931993
0.388713896407547 3.003003003003 0.583654499110432 0.0756248715016704
0.392601035371623 3.03303303303303 0.595385954542551 0.0779163807330425
0.396488174335698 3.06306306306306 0.607234140874493 0.0802537186365447
0.400375313299774 3.09309309309309 0.619199058106257 0.0826373389614058
0.404262452263849 3.12312312312312 0.631280706237843 0.085067695456855
0.408149591227925 3.15315315315315 0.643479085269251 0.0875452418721212
0.412036730192 3.18318318318318 0.655794195200481 0.0900704319564335
0.415923869156076 3.21321321321321 0.668226036031533 0.0926437194590208
0.419811008120151 3.24324324324324 0.680774607762407 0.0952655581291122
0.423698147084227 3.27327327327327 0.693439910393104 0.0979364017159367
0.427585286048302 3.3033033033033 0.706221943923622 0.100656703968723
0.431472425012378 3.33333333333333 0.719120708353963 0.103426918636701
0.435359563976453 3.36336336336336 0.732136203684125 0.106247499469099
0.439246702940529 3.39339339339339 0.74526842991411 0.109118900215146
0.443133841904604 3.42342342342342 0.758517387043917 0.112041574624071
0.44702098086868 3.45345345345345 0.771883075073546 0.115015976445103
0.450908119832755 3.48348348348348 0.785365494002997 0.118042559427471
0.45479525879683 3.51351351351351 0.79896464383227 0.121121777320405
0.458682397760906 3.54354354354354 0.812680524561365 0.124254083873133
0.462569536724981 3.57357357357357 0.826513136190282 0.127439932834883
0.466456675689057 3.6036036036036 0.840462478719021 0.130679777954886
0.470343814653132 3.63363363363363 0.854528552147583 0.133974072982371
0.474230953617208 3.66366366366366 0.868711356475966 0.137323271666565
0.478118092581283 3.69369369369369 0.883010891704172 0.140727827756699
0.482005231545359 3.72372372372372 0.8974271578322 0.144188195002001
0.485892370509434 3.75375375375375 0.911960154860049 0.1477048271517
0.48977950947351 3.78378378378378 0.926609882787721 0.151278177955025
0.493666648437585 3.81381381381381 0.941376341615215 0.154908701161206
0.497553787401661 3.84384384384384 0.956259531342531 0.158596850519471
0.501440926365736 3.87387387387387 0.971259451969669 0.162343079779049
0.505328065329812 3.9039039039039 0.986376103496629 0.16614784268917
0.509215204293887 3.93393393393393 1.00160948592341 0.170011592999062
0.513102343257963 3.96396396396396 1.01695959925002 0.173934784457954
0.516989482222038 3.99399399399399 1.03242644347644 0.177917870815075
0.520876621186114 4.02402402402402 1.04801001860269 0.181961305819655
0.524763760150189 4.05405405405405 1.06371032462876 0.186065543220922
0.528650899114264 4.08408408408408 1.07952736155465 0.190231036768106
0.53253803807834 4.11411411411411 1.09546112938037 0.194458240210435
0.536425177042415 4.14414414414414 1.11151162810591 0.198747607297138
0.540312316006491 4.17417417417417 1.12767885773126 0.203099591777445
0.544199454970566 4.2042042042042 1.14396281825645 0.207514647400584
0.548086593934642 4.23423423423423 1.16036350968145 0.211993227915784
0.551973732898717 4.26426426426426 1.17688093200627 0.216535787072275
0.555860871862793 4.29429429429429 1.19351508523092 0.221142778619285
0.559748010826868 4.32432432432432 1.21026596935539 0.225814656306044
0.563635149790944 4.35435435435435 1.22713358437968 0.23055187388178
0.567522288755019 4.38438438438438 1.2441179303038 0.235354885095723
0.571409427719095 4.41441441441441 1.26121900712773 0.240224143697101
0.57529656668317 4.44444444444444 1.27843681485149 0.245160103435143
0.579183705647246 4.47447447447447 1.29577135347507 0.250163218059079
0.583070844611321 4.5045045045045 1.31322262299847 0.255233941318138
0.586957983575397 4.53453453453453 1.33079062342169 0.260372726961548
0.590845122539472 4.56456456456456 1.34847535474474 0.265580028738538
0.594732261503548 4.59459459459459 1.36627681696761 0.270856300398338
0.598619400467623 4.62462462462462 1.3841950100903 0.276201995690177
0.602506539431699 4.65465465465465 1.40222993411281 0.281617568363283
0.606393678395774 4.68468468468468 1.42038158903515 0.287103472166886
0.610280817359849 4.71471471471471 1.4386499748573 0.292660160850214
0.614167956323925 4.74474474474474 1.45703509157928 0.298288088162497
0.618055095288 4.77477477477477 1.47553693920108 0.303987707852963
0.621942234252076 4.8048048048048 1.4941555177227 0.309759473670842
0.625829373216151 4.83483483483483 1.51289082714415 0.315603839365363
0.629716512180227 4.86486486486486 1.53174286746542 0.321521258685754
0.633603651144302 4.89489489489489 1.55071163868651 0.327512185381245
0.637490790108378 4.92492492492492 1.56979714080742 0.333577073201064
0.641377929072453 4.95495495495495 1.58899937382815 0.339716375894441
0.645265068036529 4.98498498498498 1.60831833774871 0.345930547210605
0.649152207000604 5 1.6277394412066 0.352220031445675
0.65303934596468 5 1.64717513602698 0.358585055474267
0.656926484928755 5 1.66661083084736 0.365025628749489
0.660813623892831 5 1.68604652566774 0.371541751271341
0.664700762856906 5 1.70548222048811 0.378133423039823
0.668587901820981 5 1.72491791530849 0.384800644054936
0.672475040785057 5 1.74435361012887 0.391543414316678
0.676362179749132 5 1.76378930494925 0.398361733825051
0.680249318713208 5 1.78322499976962 0.405255602580054
0.684136457677283 5 1.80266069459 0.412225020581687
0.688023596641359 5 1.82209638941038 0.41926998782995
0.691910735605434 5 1.84153208423076 0.426390504324844
0.69579787456951 5 1.86096777905113 0.433586570066367
0.699685013533585 5 1.88040347387151 0.440858185054521
0.703572152497661 5 1.89983916869189 0.448205349289305
0.707459291461736 5 1.91927486351227 0.455628062770719
0.711346430425812 5 1.93871055833264 0.463126325498763
0.715233569389887 5 1.95814625315302 0.470700137473438
0.719120708353963 5 1.9775819479734 0.478349498694742
0.723007847318038 5 1.99701764279377 0.486074409162677
0.726894986282114 5 2.01645333761415 0.493874868877242
0.730782125246189 5 2.03588903243453 0.501750877838437
0.734669264210265 5 2.05532472725491 0.509702436046262
0.73855640317434 5 2.07476042207528 0.517729543500718
0.742443542138416 5 2.09419611689566 0.525832200201803
0.746330681102491 5 2.11363181171604 0.534010406149519
0.750217820066566 5 2.13306750653642 0.542264161343865
0.754104959030642 5 2.15250320135679 0.550593465784841
0.757992097994717 5 2.17193889617717 0.558998319472447
0.761879236958793 5 2.19137459099755 0.567478722406684
0.765766375922868 5 2.21081028581793 0.57603467458755
0.769653514886944 5 2.2302459806383 0.584666176015047
0.773540653851019 5 2.24968167545868 0.593373226689174
0.777427792815095 5 2.26911737027906 0.602155826609931
0.78131493177917 5 2.28855306509944 0.611013975777319
0.785202070743246 5 2.30798875991981 0.619947674191336
0.789089209707321 5 2.32742445474019 0.628956921851984
0.792976348671397 5 2.34686014956057 0.638041718759261
0.796863487635472 5 2.36629584438094 0.647202064913169
0.800750626599548 5 2.38573153920132 0.656437960313707
0.804637765563623 5 2.4051672340217 0.665749404960876
0.808524904527699 5 2.42460292884208 0.675136398854674
0.812412043491774 5 2.44403862366245 0.684598941995103
0.81629918245585 5 2.46347431848283 0.694137034382162
0.820186321419925 5 2.48291001330321 0.703750676015851
0.824073460384001 5 2.50234570812359 0.71343986689617
0.827960599348076 5 2.52178140294396 0.723204607023119
0.831847738312151 5 2.54121709776434 0.733044896396699
0.835734877276227 5 2.56065279258472 0.742960735016908
0.839622016240302 5 2.5800884874051 0.752952122883748
0.843509155204378 5 2.59952418222547 0.763019059997218
0.847396294168453 5 2.61895987704585 0.773161546357318
0.851283433132529 5 2.63839557186623 0.783379581964048
0.855170572096604 5 2.65783126668661 0.793673166817409
0.85905771106068 5 2.67726696150698 0.8040423009174
0.862944850024755 5 2.69670265632736 0.81448698426402
0.866831988988831 5 2.71613835114774 0.825007216857272
0.870719127952906 5 2.73557404596811 0.835602998697153
0.874606266916982 5 2.75500974078849 0.846274329783664
0.878493405881057 5 2.77444543560887 0.857021210116805
0.882380544845133 5 2.79388113042925 0.867843639696577
0.886267683809208 5 2.81331682524962 0.878741618522979
0.890154822773284 5 2.83275252007 0.889715146596011
0.894041961737359 5 2.85218821489038 0.900764223915673
0.897929100701435 5 2.87162390971076 0.911888850481966
0.90181623966551 5 2.89105960453113 0.923089026294888
0.905703378629585 5 2.91049529935151 0.934364751354441
0.909590517593661 5 2.92993099417189 0.945716025660624
0.913477656557736 5 2.94936668899227 0.957142849213437
0.917364795521812 5 2.96880238381264 0.96864522201288
0.921251934485887 5 2.98823807863302 0.980223144058953
0.925139073449963 5 3.0076737734534 0.991876615351657
0.929026212414038 5 3.02710946827378 1.00360563589099
0.932913351378114 5 3.04654516309415 1.01541020567695
0.936800490342189 5 3.06598085791453 1.02729032470955
0.940687629306265 5 3.08541655273491 1.03924599298877
0.94457476827034 5 3.10485224755528 1.05127721051463
0.948461907234416 5 3.12428794237566 1.06338397728711
0.952349046198491 5 3.14372363719604 1.07556629330623
0.956236185162567 5 3.16315933201642 1.08782415857197
0.960123324126642 5 3.18259502683679 1.10015757308435
0.964010463090718 5 3.20203072165717 1.11256653684335
0.967897602054793 5 3.22146641647755 1.12505104984899
0.971784741018868 5 3.24090211129793 1.13761111210125
0.975671879982944 5 3.2603378061183 1.15024672360015
0.979559018947019 5 3.27977350093868 1.16295788434567
0.983446157911095 5 3.29920919575906 1.17574459433783
0.98733329687517 5 3.31864489057944 1.18860685357662
0.991220435839246 5 3.33808058539981 1.20154466206203
0.995107574803321 5 3.35751628022019 1.21455801979408
0.998994713767397 5 3.37695197504057 1.22764692677276
1.00288185273147 5 3.39638766986095 1.24081138299806
1.00676899169555 5 3.41582336468132 1.25405138847
1.01065613065962 5 3.4352590595017 1.26736694318857
1.0145432696237 5 3.45469475432208 1.28075804715376
1.01843040858777 5 3.47413044914245 1.29422470036559
1.02231754755185 5 3.49356614396283 1.30776690282405
1.02620468651593 5 3.51300183878321 1.32138465452914
1.03009182548 5 3.53243753360359 1.33507795548086
1.03397896444408 5 3.55187322842396 1.3488468056792
1.03786610340815 5 3.57130892324434 1.36269120512418
1.04175324237223 5 3.59074461806472 1.37661115381579
1.0456403813363 5 3.6101803128851 1.39060665175403
1.04952752030038 5 3.62961600770547 1.4046776989389
1.05341465926445 5 3.64905170252585 1.4188242953704
1.05730179822853 5 3.66848739734623 1.43304644104853
1.0611889371926 5 3.68792309216661 1.44734413597329
1.06507607615668 5 3.70735878698698 1.46171738014468
1.06896321512076 5 3.72679448180736 1.4761661735627
1.07285035408483 5 3.74623017662774 1.49069051622735
1.07673749304891 5 3.76566587144812 1.50529040813863
1.08062463201298 5 3.78510156626849 1.51996584929654
1.08451177097706 5 3.80453726108887 1.53471683970108
1.08839890994113 5 3.82397295590925 1.54954337935225
1.09228604890521 5 3.84340865072963 1.56444546825005
1.09617318786928 5 3.86284434555 1.57942310639448
1.10006032683336 5 3.88228004037038 1.59447629378554
1.10394746579743 5 3.90171573519076 1.60960503042323
1.10783460476151 5 3.92115143001113 1.62480931630755
1.11172174372559 5 3.94058712483151 1.6400891514385
1.11560888268966 5 3.96002281965189 1.65544453581609
1.11949602165374 5 3.97945851447227 1.6708754694403
1.12338316061781 5 3.99889420929264 1.68638195231114
1.12727029958189 5 4.01832990411302 1.70196398442861
1.13115743854596 5 4.0377655989334 1.71762156579272
1.13504457751004 5 4.05720129375378 1.73335469640345
1.13893171647411 5 4.07663698857415 1.74916337626081
1.14281885543819 5 4.09607268339453 1.7650476053648
1.14670599440226 5 4.11550837821491 1.78100738371543
1.15059313336634 5 4.13494407303529 1.79704271131268
1.15448027233042 5 4.15437976785566 1.81315358815656
1.15836741129449 5 4.17381546267604 1.82934001424708
1.16225455025857 5 4.19325115749642 1.84560198958422
1.16614168922264 5 4.21268685231679 1.861939514168
1.17002882818672 5 4.23212254713717 1.8783525879984
1.17391596715079 5 4.25155824195755 1.89484121107543
1.17780310611487 5 4.27099393677793 1.9114053833991
1.18169024507894 5 4.2904296315983 1.92804510496939
1.18557738404302 5 4.30986532641868 1.94476037578632
1.1894645230071 5 4.32930102123906 1.96155119584987
1.19335166197117 5 4.34873671605944 1.97841756516006
1.19723880093525 5 4.36817241087981 1.99535948371687
1.20112593989932 5 4.38760810570019 2.01237695152032
1.2050130788634 5 4.40704380052057 2.02946996857039
1.20890021782747 5 4.42647949534095 2.0466385348671
1.21278735679155 5 4.44591519016132 2.06388265041044
1.21667449575562 5 4.4653508849817 2.0812023152004
1.2205616347197 5 4.48478657980208 2.098597529237
1.22444877368377 5 4.50422227462246 2.11606829252023
1.22833591264785 5 4.52365796944283 2.13361460505008
1.23222305161193 5 4.54309366426321 2.15123646682657
1.236110190576 5 4.56252935908359 2.16893387784969
1.23999732954008 5 4.58196505390397 2.18670683811943
1.24388446850415 5 4.60140074872434 2.20455534763581
1.24777160746823 5 4.62083644354472 2.22247940639882
1.2516587464323 5 4.6402721383651 2.24047901440846
1.25554588539638 5 4.65970783318547 2.25855417166472
1.25943302436045 5 4.67914352800585 2.27670487816762
1.26332016332453 5 4.69857922282623 2.29493113391715
1.2672073022886 5 4.71801491764661 2.31323293891331
1.27109444125268 5 4.73745061246698 2.3316102931561
1.27498158021676 5 4.75688630728736 2.35006319664552
1.27886871918083 5 4.77632200210774 2.36859164938156
1.28275585814491 5 4.79575769692812 2.38719565136424
1.28664299710898 5 4.81519339174849 2.40587520259355
1.29053013607306 5 4.83462908656887 2.42463030306949
1.29441727503713 5 4.85406478138925 2.44346095279206
1.29830441400121 4.96996996996997 4.87344211075971 2.46236707613639
1.30219155296528 4.93993993993994 4.89270270923036 2.48134829497812
1.30607869192936 4.90990990990991 4.91184657680118 2.50040415556802
1.30996583089343 4.87987987987988 4.93087371347218 2.51953420415687
1.31385296985751 4.84984984984985 4.94978411924336 2.53873798699542
1.31774010882159 4.81981981981982 4.96857779411472 2.55801505033447
1.32162724778566 4.78978978978979 4.98725473808625 2.57736494042477
1.32551438674974 4.75975975975976 5.00581495115796 2.5967872035171
1.32940152571381 4.72972972972973 5.02425843332985 2.61628138586222
1.33328866467789 4.6996996996997 5.04258518460192 2.63584703371091
1.33717580364196 4.66966966966967 5.06079520497416 2.65548369331395
1.34106294260604 4.63963963963964 5.07888849444659 2.67519091092209
1.34495008157011 4.60960960960961 5.09686505301919 2.69496823278612
1.34883722053419 4.57957957957958 5.11472488069197 2.7148152051568
1.35272435949826 4.54954954954955 5.13246797746492 2.73473137428491
1.35661149846234 4.51951951951952 5.15009434333806 2.75471628642121
1.36049863742642 4.48948948948949 5.16760397831137 2.77476948781647
1.36438577639049 4.45945945945946 5.18499688238486 2.79489052472147
1.36827291535457 4.42942942942943 5.20227305555853 2.81507894338699
1.37216005431864 4.3993993993994 5.21943249783238 2.83533429006377
1.37604719328272 4.36936936936937 5.2364752092064 2.85565611100261
1.37993433224679 4.33933933933934 5.25340118968061 2.87604395245427
1.38382147121087 4.30930930930931 5.27021043925499 2.89649736066953
1.38770861017494 4.27927927927928 5.28690295792954 2.91701588189914
1.39159574913902 4.24924924924925 5.30347874570428 2.93759906239389
1.3954828881031 4.21921921921922 5.31993780257919 2.95824644840455
1.39937002706717 4.18918918918919 5.33628012855429 2.97895758618188
1.40325716603125 4.15915915915916 5.35250572362956 2.99973202197665
1.40714430499532 4.12912912912913 5.368614587805 3.02056930203965
1.4110314439594 4.0990990990991 5.38460672108063 3.04146897262163
1.41491858292347 4.06906906906907 5.40048212345643 3.06243057997338
1.41880572188755 4.03903903903904 5.41624079493242 3.08345367034565
1.42269286085162 4.00900900900901 5.43188273550858 3.10453778998923
1.4265799998157 3.97897897897898 5.44740794518491 3.12568248515488
1.43046713877977 3.94894894894895 5.46281642396143 3.14688730209337
1.43435427774385 3.91891891891892 5.47810817183812 3.16815178705548
1.43824141670793 3.88888888888889 5.49328318881499 3.18947548629197
1.442128555672 3.85885885885886 5.50834147489204 3.21085794605362
1.44601569463608 3.82882882882883 5.52328303006927 3.2322987125912
1.44990283360015 3.7987987987988 5.53810785434667 3.25379733215548
1.45378997256423 3.76876876876877 5.55281594772426 3.27535335099722
1.4576771115283 3.73873873873874 5.56740731020202 3.29696631536721
1.46156425049238 3.70870870870871 5.58188194177996 3.31863577151621
1.46545138945645 3.67867867867868 5.59623984245807 3.34036126569499
1.46933852842053 3.64864864864865 5.61048101223637 3.36214234415433
1.4732256673846 3.61861861861862 5.62460545111484 3.38397855314499
1.47711280634868 3.58858858858859 5.63861315909349 3.40586943891774
1.48099994531276 3.55855855855856 5.65250413617232 3.42781454772337
1.48488708427683 3.52852852852853 5.66627838235132 3.44981342581263
1.48877422324091 3.4984984984985 5.67993589763051 3.4718656194363
1.49266136220498 3.46846846846847 5.69347668200987 3.49397067484514
1.49654850116906 3.43843843843844 5.70690073548941 3.51612813828994
1.50043564013313 3.40840840840841 5.72020805806913 3.53833755602147
1.50432277909721 3.37837837837838 5.73339864974902 3.56059847429048
1.50820991806128 3.34834834834835 5.7464725105291 3.58291043934776
1.51209705702536 3.31831831831832 5.75942964040935 3.60527299744407
1.51598419598943 3.28828828828829 5.77227003938978 3.62768569483019
1.51987133495351 3.25825825825826 5.78499370747039 3.65014807775688
1.52375847391759 3.22822822822823 5.79760064465117 3.67265969247492
1.52764561288166 3.1981981981982 5.81009085093214 3.69522008523508
1.53153275184574 3.16816816816817 5.82246432631328 3.71782880228813
1.53541989080981 3.13813813813814 5.8347210707946 3.74048538988484
1.53930702977389 3.10810810810811 5.84686108437609 3.76318939427599
1.54319416873796 3.07807807807808 5.85888436705777 3.78594036171233
1.54708130770204 3.04804804804805 5.87079091883962 3.80873783844465
1.55096844666611 3.01801801801802 5.88258073972165 3.83158137072371
1.55485558563019 2.98798798798799 5.89425382970386 3.85447050480029
1.55874272459427 2.95795795795796 5.90581018878625 3.87740478692515
1.56262986355834 2.92792792792793 5.91724981696881 3.90038376334908
1.56651700252242 2.8978978978979 5.92857271425155 3.92340698032283
1.57040414148649 2.86786786786787 5.93977888063447 3.94647398409718
1.57429128045057 2.83783783783784 5.95086831611757 3.9695843209229
1.57817841941464 2.80780780780781 5.96184102070085 3.99273753705076
1.58206555837872 2.77777777777778 5.9726969943843 4.01593317873153
1.58595269734279 2.74774774774775 5.98343623716793 4.03917079221599
1.58983983630687 2.71771771771772 5.99405874905174 4.0624499237549
1.59372697527094 2.68768768768769 6.00456453003573 4.08577011959904
1.59761411423502 2.65765765765766 6.0149535801199 4.10913092599918
1.6015012531991 2.62762762762763 6.02522589930424 4.13253188920608
1.60538839216317 2.5975975975976 6.03538148758876 4.15597255547052
1.60927553112725 2.56756756756757 6.04542034497346 4.17945247104327
1.61316267009132 2.53753753753754 6.05534247145834 4.2029711821751
1.6170498090554 2.50750750750751 6.06514786704339 4.22652823511678
1.62093694801947 2.47747747747748 6.07483653172863 4.25012317611908
1.62482408698355 2.44744744744745 6.08440846551404 4.27375555143278
1.62871122594762 2.41741741741742 6.09386366839963 4.29742490730864
1.6325983649117 2.38738738738739 6.10320214038539 4.32113078999743
1.63648550387577 2.35735735735736 6.11242388147134 4.34487274574994
1.64037264283985 2.32732732732733 6.12152889165746 4.36865032081692
1.64425978180393 2.2972972972973 6.13051717094376 4.39246306144914
1.648146920768 2.26726726726727 6.13938871933024 4.41631051389739
1.65203405973208 2.23723723723724 6.1481435368169 4.44019222441243
1.65592119869615 2.20720720720721 6.15678162340373 4.46410773924503
1.65980833766023 2.17717717717718 6.16530297909074 4.48805660464596
1.6636954766243 2.14714714714715 6.17370760387793 4.51203836686599
1.66758261558838 2.11711711711712 6.1819954977653 4.5360525721559
1.67146975455245 2.08708708708709 6.19016666075285 4.56009876676646
1.67535689351653 2.05705705705706 6.19822109284057 4.58417649694843
1.6792440324806 2.02702702702703 6.20615879402847 4.60828530895258
1.68313117144468 1.996996996997 6.21397976431655 4.6324247490297
1.68701831040876 1.96696696696697 6.22168400370481 4.65659436343054
1.69090544937283 1.93693693693694 6.22927151219325 4.68079369840589
1.69479258833691 1.90690690690691 6.23674228978186 4.7050223002065
1.69867972730098 1.87687687687688 6.24409633647065 4.72927971508316
1.70256686626506 1.84684684684685 6.25133365225962 4.75356548928663
1.70645400522913 1.81681681681682 6.25845423714877 4.77787916906769
1.71034114419321 1.78678678678679 6.26545809113809 4.8022203006771
1.71422828315728 1.75675675675676 6.2723452142276 4.82658843036563
1.71811542212136 1.72672672672673 6.27911560641728 4.85098310438407
1.72200256108544 1.6966966966967 6.28576926770714 4.87540386898317
1.72588970004951 1.66666666666667 6.29230619809717 4.89985027041371
1.72977683901359 1.63663663663664 6.29872639758739 4.92432185492646
1.73366397797766 1.60660660660661 6.30502986617778 4.94881816877219
1.73755111694174 1.57657657657658 6.31121660386835 4.97333875820168
1.74143825590581 1.54654654654655 6.3172866106591 4.99788316946568
1.74532539486989 1.51651651651652 6.32323988655003 5.02245094881498
1.74921253383396 1.48648648648649 6.32907643154113 5.04704164250035
1.75309967279804 1.45645645645646 6.33479624563241 5.07165479677255
1.75698681176211 1.42642642642643 6.34039932882387 5.09628995788236
1.76087395072619 1.3963963963964 6.34588568111551 5.12094667208055
1.76476108969027 1.36636636636637 6.35125530250733 5.14562448561788
1.76864822865434 1.33633633633634 6.35650819299932 5.17032294474514
1.77253536761842 1.30630630630631 6.36164435259149 5.19504159571308
1.77642250658249 1.27627627627628 6.36666378128384 5.21977998477249
1.78030964554657 1.24624624624625 6.37156647907637 5.24453765817413
1.78419678451064 1.21621621621622 6.37635244596908 5.26931416216878
1.78808392347472 1.18618618618619 6.38102168196196 5.2941090430072
1.79197106243879 1.15615615615616 6.38557418705502 5.31892184694017
1.79585820140287 1.12612612612613 6.39000996124826 5.34375212021845
1.79974534036694 1.0960960960961 6.39432900454168 5.36859940909282
1.80363247933102 1.06606606606607 6.39853131693527 5.39346325981405
1.8075196182951 1.03603603603604 6.40261689842905 5.41834321863291
1.81140675725917 1.00600600600601 6.406585749023 5.44323883180017
1.81529389622325 0.975975975975976 6.41043786871712 5.4681496455666
1.81918103518732 0.945945945945946 6.41417325751143 5.49307520618298
1.8230681741514 0.915915915915916 6.41779191540592 5.51801505990007
1.82695531311547 0.885885885885886 6.42129384240058 5.54296875296864
1.83084245207955 0.855855855855856 6.42467903849542 5.56793583163947
1.83472959104362 0.825825825825826 6.42794750369044 5.59291584216333
1.8386167300077 0.795795795795796 6.43109923798563 5.61790833079098
1.84250386897177 0.765765765765766 6.43413424138101 5.64291284377321
1.84639100793585 0.735735735735736 6.43705251387656 5.66792892736077
1.85027814689993 0.705705705705706 6.43985405547229 5.69295612780444
1.854165285864 0.675675675675676 6.4425388661682 5.717993991355
1.85805242482808 0.645645645645646 6.44510694596428 5.7430420642632
1.86193956379215 0.615615615615616 6.44755829486055 5.76809989277984
1.86582670275623 0.585585585585586 6.44989291285699 5.79316702315566
1.8697138417203 0.555555555555556 6.45211079995361 5.81824300164145
1.87360098068438 0.525525525525526 6.45421195615041 5.84332737448798
1.87748811964845 0.495495495495495 6.45619638144738 5.86841968794602
1.88137525861253 0.465465465465465 6.45806407584454 5.89351948826633
1.8852623975766 0.435435435435435 6.45981503934187 5.9186263216997
1.88914953654068 0.405405405405405 6.46144927193938 5.94373973449688
1.89303667550476 0.375375375375375 6.46296677363706 5.96885927290866
1.89692381446883 0.345345345345345 6.46436754443493 5.9939844831858
1.90081095343291 0.315315315315315 6.46565158433297 6.01911491157907
1.90469809239698 0.285285285285285 6.46681889333119 6.04425010433925
1.90858523136106 0.255255255255255 6.46786947142959 6.06938960771711
1.91247237032513 0.225225225225225 6.46880331862817 6.0945329679634
1.91635950928921 0.195195195195195 6.46962043492692 6.11967973132892
1.92024664825328 0.165165165165165 6.47032082032586 6.14482944406443
1.92413378721736 0.135135135135135 6.47090447482497 6.16998165242069
1.92802092618144 0.105105105105105 6.47137139842425 6.19513590264849
1.93190806514551 0.0750750750750751 6.47172159112372 6.22029174099859
1.93579520410959 0.045045045045045 6.47195505292336 6.24544871372176
1.93968234307366 0.015015015015015 6.47207178382319 6.27060636706877
1.94356948203774 0 6.47208637518566 6.29576425674351
1.94745662100181 0 6.47208637518566 6.32092215587136
1.95134375996589 0 6.47208637518566 6.3460800549992
1.95523089892996 0 6.47208637518566 6.37123795412705
1.95911803789404 0 6.47208637518566 6.39639585325489
1.96300517685811 0 6.47208637518566 6.42155375238274
1.96689231582219 0 6.47208637518566 6.44671165151059
1.97077945478627 0 6.47208637518566 6.47186955063843
1.97466659375034 0 6.47208637518566 6.49702744976628
1.97855373271442 0 6.47208637518566 6.52218534889413
1.98244087167849 0 6.47208637518566 6.54734324802197
1.98632801064257 0 6.47208637518566 6.57250114714982
1.99021514960664 0 6.47208637518566 6.59765904627766
1.99410228857072 0 6.47208637518566 6.62281694540551
1.99798942753479 0 6.47208637518566 6.64797484453336
2.00187656649887 0 6.47208637518566 6.6731327436612
2.00576370546294 0 6.47208637518566 6.69829064278905
2.00965084442702 0 6.47208637518566 6.72344854191689
2.0135379833911 0 6.47208637518566 6.74860644104474
2.01742512235517 0 6.47208637518566 6.77376434017259
2.02131226131925 0 6.47208637518566 6.79892223930043
2.02519940028332 0 6.47208637518566 6.82408013842828
2.0290865392474 0 6.47208637518566 6.84923803755613
2.03297367821147 0 6.47208637518566 6.87439593668397
2.03686081717555 0 6.47208637518566 6.89955383581182
2.04074795613962 0 6.47208637518566 6.92471173493966
2.0446350951037 0 6.47208637518566 6.94986963406751
2.04852223406777 0 6.47208637518566 6.97502753319536
2.05240937303185 0 6.47208637518566 7.0001854323232
2.05629651199593 0 6.47208637518566 7.02534333145105
2.06018365096 0 6.47208637518566 7.0505012305789
2.06407078992408 0 6.47208637518566 7.07565912970674
2.06795792888815 0 6.47208637518566 7.10081702883459
2.07184506785223 0 6.47208637518566 7.12597492796243
2.0757322068163 0 6.47208637518566 7.15113282709028
2.07961934578038 0 6.47208637518566 7.17629072621813
2.08350648474445 0 6.47208637518566 7.20144862534597
2.08739362370853 0 6.47208637518566 7.22660652447382
2.0912807626726 0 6.47208637518566 7.25176442360166
2.09516790163668 0 6.47208637518566 7.27692232272951
2.09905504060076 0 6.47208637518566 7.30208022185736
2.10294217956483 0 6.47208637518566 7.3272381209852
2.10682931852891 0 6.47208637518566 7.35239602011305
2.11071645749298 0 6.47208637518566 7.3775539192409
2.11460359645706 0 6.47208637518566 7.40271181836874
2.11849073542113 0 6.47208637518566 7.42786971749659
2.12237787438521 0 6.47208637518566 7.45302761662443
2.12626501334928 0 6.47208637518566 7.47818551575228
2.13015215231336 0 6.47208637518566 7.50334341488013
2.13403929127744 0 6.47208637518566 7.52850131400797
2.13792643024151 0 6.47208637518566 7.55365921313582
2.14181356920559 0 6.47208637518566 7.57881711226366
2.14570070816966 0 6.47208637518566 7.60397501139151
2.14958784713374 0 6.47208637518566 7.62913291051936
2.15347498609781 0 6.47208637518566 7.6542908096472
2.15736212506189 0 6.47208637518566 7.67944870877505
2.16124926402596 0 6.47208637518566 7.7046066079029
2.16513640299004 0 6.47208637518566 7.72976450703074
2.16902354195411 0 6.47208637518566 7.75492240615859
2.17291068091819 0 6.47208637518566 7.78008030528644
2.17679781988227 0 6.47208637518566 7.80523820441428
2.18068495884634 0 6.47208637518566 7.83039610354213
2.18457209781042 0 6.47208637518566 7.85555400266997
2.18845923677449 0 6.47208637518566 7.88071190179782
2.19234637573857 0 6.47208637518566 7.90586980092567
2.19623351470264 0 6.47208637518566 7.93102770005351
2.20012065366672 0 6.47208637518566 7.95618559918136
2.20400779263079 0 6.47208637518566 7.9813434983092
2.20789493159487 0 6.47208637518566 8.00650139743705
2.21178207055894 0 6.47208637518566 8.0316592965649
2.21566920952302 0 6.47208637518566 8.05681719569274
2.2195563484871 0 6.47208637518566 8.08197509482059
2.22344348745117 0 6.47208637518566 8.10713299394843
2.22733062641525 0 6.47208637518566 8.13229089307628
2.23121776537932 0 6.47208637518566 8.15744879220413
2.2351049043434 0 6.47208637518566 8.18260669133197
2.23899204330747 0 6.47208637518566 8.20776459045982
2.24287918227155 0 6.47208637518566 8.23292248958767
2.24676632123562 0 6.47208637518566 8.25808038871551
2.2506534601997 0 6.47208637518566 8.28323828784336
2.25454059916378 0 6.47208637518566 8.3083961869712
2.25842773812785 0 6.47208637518566 8.33355408609905
2.26231487709193 0 6.47208637518566 8.3587119852269
2.266202016056 0 6.47208637518566 8.38386988435474
2.27008915502008 0 6.47208637518566 8.40902778348259
2.27397629398415 0 6.47208637518566 8.43418568261044
2.27786343294823 0 6.47208637518566 8.45934358173828
2.2817505719123 0 6.47208637518566 8.48450148086613
2.28563771087638 0 6.47208637518566 8.50965937999398
2.28952484984045 0 6.47208637518566 8.53481727912182
2.29341198880453 0 6.47208637518566 8.55997517824967
2.29729912776861 0 6.47208637518566 8.58513307737751
2.30118626673268 0 6.47208637518566 8.61029097650536
2.30507340569676 0 6.47208637518566 8.63544887563321
2.30896054466083 0 6.47208637518566 8.66060677476105
2.31284768362491 0 6.47208637518566 8.6857646738889
2.31673482258898 0 6.47208637518566 8.71092257301674
2.32062196155306 0 6.47208637518566 8.73608047214459
2.32450910051713 0 6.47208637518566 8.76123837127244
2.32839623948121 0 6.47208637518566 8.78639627040028
2.33228337844528 0 6.47208637518566 8.81155416952813
2.33617051740936 0 6.47208637518566 8.83671206865598
2.34005765637344 0 6.47208637518566 8.86186996778382
2.34394479533751 0 6.47208637518566 8.88702786691167
2.34783193430159 0 6.47208637518566 8.91218576603951
2.35171907326566 0 6.47208637518566 8.93734366516736
2.35560621222974 0 6.47208637518566 8.96250156429521
2.35949335119381 0 6.47208637518566 8.98765946342305
2.36338049015789 0 6.47208637518566 9.0128173625509
2.36726762912196 0 6.47208637518566 9.03797526167874
2.37115476808604 0 6.47208637518566 9.06313316080659
2.37504190705011 0 6.47208637518566 9.08829105993444
2.37892904601419 0 6.47208637518566 9.11344895906228
2.38281618497827 0 6.47208637518566 9.13860685819013
2.38670332394234 0 6.47208637518566 9.16376475731798
2.39059046290642 0 6.47208637518566 9.18892265644582
2.39447760187049 0 6.47208637518566 9.21408055557367
2.39836474083457 0 6.47208637518566 9.23923845470151
2.40225187979864 0 6.47208637518566 9.26439635382936
2.40613901876272 0 6.47208637518566 9.28955425295721
2.41002615772679 0 6.47208637518566 9.31471215208505
2.41391329669087 0 6.47208637518566 9.3398700512129
2.41780043565494 0 6.47208637518566 9.36502795034074
2.42168757461902 0 6.47208637518566 9.39018584946859
2.4255747135831 0 6.47208637518566 9.41534374859644
2.42946185254717 0 6.47208637518566 9.44050164772428
2.43334899151125 0 6.47208637518566 9.46565954685213
2.43723613047532 0 6.47208637518566 9.49081744597998
2.4411232694394 0 6.47208637518566 9.51597534510782
2.44501040840347 0 6.47208637518566 9.54113324423567
2.44889754736755 0 6.47208637518566 9.56629114336351
2.45278468633162 0 6.47208637518566 9.59144904249136
2.4566718252957 0 6.47208637518566 9.61660694161921
2.46055896425977 0 6.47208637518566 9.64176484074705
2.46444610322385 0 6.47208637518566 9.6669227398749
2.46833324218793 0 6.47208637518566 9.69208063900274
2.472220381152 0 6.47208637518566 9.71723853813059
2.47610752011608 0 6.47208637518566 9.74239643725844
2.47999465908015 0 6.47208637518566 9.76755433638628
2.48388179804423 0 6.47208637518566 9.79271223551413
2.4877689370083 0 6.47208637518566 9.81787013464198
2.49165607597238 0 6.47208637518566 9.84302803376982
2.49554321493645 0 6.47208637518566 9.86818593289767
2.49943035390053 0 6.47208637518566 9.89334383202551
2.50331749286461 0 6.47208637518566 9.91850173115336
2.50720463182868 0 6.47208637518566 9.94365963028121
2.51109177079276 0 6.47208637518566 9.96881752940905
2.51497890975683 0 6.47208637518566 9.9939754285369
2.51886604872091 0 6.47208637518566 10.0191333276647
2.52275318768498 0 6.47208637518566 10.0442912267926
2.52664032664906 0 6.47208637518566 10.0694491259204
2.53052746561313 0 6.47208637518566 10.0946070250483
2.53441460457721 0 6.47208637518566 10.1197649241761
2.53830174354128 0 6.47208637518566 10.144922823304
2.54218888250536 0 6.47208637518566 10.1700807224318
2.54607602146944 0 6.47208637518566 10.1952386215597
2.54996316043351 0 6.47208637518566 10.2203965206875
2.55385029939759 0 6.47208637518566 10.2455544198154
2.55773743836166 0 6.47208637518566 10.2707123189432
2.56162457732574 0 6.47208637518566 10.2958702180711
2.56551171628981 0 6.47208637518566 10.3210281171989
2.56939885525389 0 6.47208637518566 10.3461860163267
2.57328599421796 0 6.47208637518566 10.3713439154546
2.57717313318204 0 6.47208637518566 10.3965018145824
2.58106027214611 0 6.47208637518566 10.4216597137103
2.58494741111019 0 6.47208637518566 10.4468176128381
2.58883455007427 0 6.47208637518566 10.471975511966
2.59272168903834 0 6.47208637518566 10.4971334110938
2.59660882800242 0 6.47208637518566 10.5222913102217
2.60049596696649 0 6.47208637518566 10.5474492093495
2.60438310593057 0 6.47208637518566 10.5726071084774
2.60827024489464 0 6.47208637518566 10.5977650076052
2.61215738385872 0 6.47208637518566 10.6229229067331
2.61604452282279 0 6.47208637518566 10.6480808058609
2.61993166178687 0 6.47208637518566 10.6732387049887
2.62381880075095 0 6.47208637518566 10.6983966041166
2.62770593971502 0 6.47208637518566 10.7235545032444
2.6315930786791 0 6.47208637518566 10.7487124023723
2.63548021764317 0 6.47208637518566 10.7738703015001
2.63936735660725 0 6.47208637518566 10.799028200628
2.64325449557132 0 6.47208637518566 10.8241860997558
2.6471416345354 0 6.47208637518566 10.8493439988837
2.65102877349947 0 6.47208637518566 10.8745018980115
2.65491591246355 0 6.47208637518566 10.8996597971394
2.65880305142762 0 6.47208637518566 10.9248176962672
2.6626901903917 0 6.47208637518566 10.9499755953951
2.66657732935578 0 6.47208637518566 10.9751334945229
2.67046446831985 0 6.47208637518566 11.0002913936507
2.67435160728393 0 6.47208637518566 11.0254492927786
2.678238746248 0 6.47208637518566 11.0506071919064
2.68212588521208 0 6.47208637518566 11.0757650910343
2.68601302417615 0 6.47208637518566 11.1009229901621
2.68990016314023 0 6.47208637518566 11.12608088929
2.6937873021043 0 6.47208637518566 11.1512387884178
2.69767444106838 0 6.47208637518566 11.1763966875457
2.70156158003245 0 6.47208637518566 11.2015545866735
2.70544871899653 0 6.47208637518566 11.2267124858014
2.70933585796061 0 6.47208637518566 11.2518703849292
2.71322299692468 0 6.47208637518566 11.2770282840571
2.71711013588876 0 6.47208637518566 11.3021861831849
2.72099727485283 0 6.47208637518566 11.3273440823127
2.72488441381691 0 6.47208637518566 11.3525019814406
2.72877155278098 0 6.47208637518566 11.3776598805684
2.73265869174506 0 6.47208637518566 11.4028177796963
2.73654583070913 0 6.47208637518566 11.4279756788241
2.74043296967321 0 6.47208637518566 11.453133577952
2.74432010863728 0 6.47208637518566 11.4782914770798
2.74820724760136 0 6.47208637518566 11.5034493762077
2.75209438656544 0 6.47208637518566 11.5286072753355
2.75598152552951 0 6.47208637518566 11.5537651744634
2.75986866449359 0 6.47208637518566 11.5789230735912
2.76375580345766 0 6.47208637518566 11.6040809727191
2.76764294242174 0 6.47208637518566 11.6292388718469
2.77153008138581 0 6.47208637518566 11.6543967709747
2.77541722034989 0 6.47208637518566 11.6795546701026
2.77930435931396 0 6.47208637518566 11.7047125692304
2.78319149827804 0 6.47208637518566 11.7298704683583
2.78707863724211 0 6.47208637518566 11.7550283674861
2.79096577620619 0 6.47208637518566 11.780186266614
2.79485291517027 0 6.47208637518566 11.8053441657418
2.79874005413434 0 6.47208637518566 11.8305020648697
2.80262719309842 0 6.47208637518566 11.8556599639975
2.80651433206249 0 6.47208637518566 11.8808178631254
2.81040147102657 0 6.47208637518566 11.9059757622532
2.81428860999064 0 6.47208637518566 11.9311336613811
2.81817574895472 0 6.47208637518566 11.9562915605089
2.82206288791879 0 6.47208637518566 11.9814494596367
2.82595002688287 0 6.47208637518566 12.0066073587646
2.82983716584695 0 6.47208637518566 12.0317652578924
2.83372430481102 0 6.47208637518566 12.0569231570203
2.8376114437751 0 6.47208637518566 12.0820810561481
2.84149858273917 0 6.47208637518566 12.107238955276
2.84538572170325 0 6.47208637518566 12.1323968544038
2.84927286066732 0 6.47208637518566 12.1575547535317
2.8531599996314 0 6.47208637518566 12.1827126526595
2.85704713859547 0 6.47208637518566 12.2078705517874
2.86093427755955 0 6.47208637518566 12.2330284509152
2.86482141652362 0 6.47208637518566 12.2581863500431
2.8687085554877 0 6.47208637518566 12.2833442491709
2.87259569445178 0 6.47208637518566 12.3085021482988
2.87648283341585 0 6.47208637518566 12.3336600474266
2.88036997237993 0 6.47208637518566 12.3588179465544
2.884257111344 0 6.47208637518566 12.3839758456823
2.88814425030808 0 6.47208637518566 12.4091337448101
2.89203138927215 0 6.47208637518566 12.434291643938
2.89591852823623 0 6.47208637518566 12.4594495430658
2.8998056672003 0 6.47208637518566 12.4846074421937
2.90369280616438 0 6.47208637518566 12.5097653413215
2.90757994512845 0 6.47208637518566 12.5349232404494
2.91146708409253 0 6.47208637518566 12.5600811395772
2.91535422305661 0 6.47208637518566 12.5852390387051
2.91924136202068 0 6.47208637518566 12.6103969378329
2.92312850098476 0 6.47208637518566 12.6355548369608
2.92701563994883 0 6.47208637518566 12.6607127360886
2.93090277891291 0 6.47208637518566 12.6858706352164
2.93478991787698 0 6.47208637518566 12.7110285343443
2.93867705684106 0 6.47208637518566 12.7361864334721
2.94256419580513 0 6.47208637518566 12.7613443326
2.94645133476921 0 6.47208637518566 12.7865022317278
2.95033847373328 0 6.47208637518566 12.8116601308557
2.95422561269736 0 6.47208637518566 12.8368180299835
2.95811275166144 0 6.47208637518566 12.8619759291114
2.96199989062551 0 6.47208637518566 12.8871338282392
2.96588702958959 0 6.47208637518566 12.9122917273671
2.96977416855366 0 6.47208637518566 12.9374496264949
2.97366130751774 0 6.47208637518566 12.9626075256228
2.97754844648181 0 6.47208637518566 12.9877654247506
2.98143558544589 0 6.47208637518566 13.0129233238784
2.98532272440996 0 6.47208637518566 13.0380812230063
2.98920986337404 0 6.47208637518566 13.0632391221341
2.99309700233812 0 6.47208637518566 13.088397021262
2.99698414130219 0 6.47208637518566 13.1135549203898
3.00087128026627 0 6.47208637518566 13.1387128195177
3.00475841923034 0 6.47208637518566 13.1638707186455
3.00864555819442 0 6.47208637518566 13.1890286177734
3.01253269715849 0 6.47208637518566 13.2141865169012
3.01641983612257 0 6.47208637518566 13.2393444160291
3.02030697508664 0 6.47208637518566 13.2645023151569
3.02419411405072 0 6.47208637518566 13.2896602142848
3.02808125301479 0 6.47208637518566 13.3148181134126
3.03196839197887 0 6.47208637518566 13.3399760125404
3.03585553094295 0 6.47208637518566 13.3651339116683
3.03974266990702 0 6.47208637518566 13.3902918107961
3.0436298088711 0 6.47208637518566 13.415449709924
3.04751694783517 0 6.47208637518566 13.4406076090518
3.05140408679925 0 6.47208637518566 13.4657655081797
3.05529122576332 0 6.47208637518566 13.4909234073075
3.0591783647274 0 6.47208637518566 13.5160813064354
3.06306550369147 0 6.47208637518566 13.5412392055632
3.06695264265555 0 6.47208637518566 13.5663971046911
3.07083978161962 0 6.47208637518566 13.5915550038189
3.0747269205837 0 6.47208637518566 13.6167129029468
3.07861405954778 0 6.47208637518566 13.6418708020746
3.08250119851185 0 6.47208637518566 13.6670287012024
3.08638833747593 0 6.47208637518566 13.6921866003303
3.09027547644 0 6.47208637518566 13.7173444994581
3.09416261540408 0 6.47208637518566 13.742502398586
3.09804975436815 0 6.47208637518566 13.7676602977138
3.10193689333223 0 6.47208637518566 13.7928181968417
3.1058240322963 0 6.47208637518566 13.8179760959695
3.10971117126038 0 6.47208637518566 13.8431339950974
3.11359831022445 0 6.47208637518566 13.8682918942252
3.11748544918853 0 6.47208637518566 13.8934497933531
3.12137258815261 0 6.47208637518566 13.9186076924809
3.12525972711668 0 6.47208637518566 13.9437655916088
3.12914686608076 0 6.47208637518566 13.9689234907366
3.13303400504483 0 6.47208637518566 13.9940813898644
3.13692114400891 0 6.47208637518566 14.0192392889923
3.14080828297298 0 6.47208637518566 14.0443971881201
3.14469542193706 0 6.47208637518566 14.069555087248
3.14858256090113 0 6.47208637518566 14.0947129863758
3.15246969986521 0 6.47208637518566 14.1198708855037
3.15635683882928 0 6.47208637518566 14.1450287846315
3.16024397779336 0 6.47208637518566 14.1701866837594
3.16413111675744 0 6.47208637518566 14.1953445828872
3.16801825572151 0 6.47208637518566 14.2205024820151
3.17190539468559 0 6.47208637518566 14.2456603811429
3.17579253364966 0 6.47208637518566 14.2708182802708
3.17967967261374 0 6.47208637518566 14.2959761793986
3.18356681157781 0 6.47208637518566 14.3211340785264
3.18745395054189 0 6.47208637518566 14.3462919776543
3.19134108950596 0 6.47208637518566 14.3714498767821
3.19522822847004 0 6.47208637518566 14.39660777591
3.19911536743412 0 6.47208637518566 14.4217656750378
3.20300250639819 0 6.47208637518566 14.4469235741657
3.20688964536227 0 6.47208637518566 14.4720814732935
3.21077678432634 0 6.47208637518566 14.4972393724214
3.21466392329042 0 6.47208637518566 14.5223972715492
3.21855106225449 0 6.47208637518566 14.5475551706771
3.22243820121857 0 6.47208637518566 14.5727130698049
3.22632534018264 0 6.47208637518566 14.5978709689328
3.23021247914672 0 6.47208637518566 14.6230288680606
3.23409961811079 0 6.47208637518566 14.6481867671884
3.23798675707487 0 6.47208637518566 14.6733446663163
3.24187389603895 0 6.47208637518566 14.6985025654441
3.24576103500302 0 6.47208637518566 14.723660464572
3.2496481739671 0 6.47208637518566 14.7488183636998
3.25353531293117 0 6.47208637518566 14.7739762628277
3.25742245189525 0 6.47208637518566 14.7991341619555
3.26130959085932 0 6.47208637518566 14.8242920610834
3.2651967298234 0 6.47208637518566 14.8494499602112
3.26908386878747 0 6.47208637518566 14.8746078593391
3.27297100775155 0 6.47208637518566 14.8997657584669
3.27685814671562 0 6.47208637518566 14.9249236575948
3.2807452856797 0 6.47208637518566 14.9500815567226
3.28463242464378 0 6.47208637518566 14.9752394558504
3.28851956360785 0 6.47208637518566 15.0003973549783
3.29240670257193 0 6.47208637518566 15.0255552541061
3.296293841536 0 6.47208637518566 15.050713153234
3.30018098050008 0 6.47208637518566 15.0758710523618
3.30406811946415 0 6.47208637518566 15.1010289514897
3.30795525842823 0 6.47208637518566 15.1261868506175
3.3118423973923 0 6.47208637518566 15.1513447497454
3.31572953635638 0 6.47208637518566 15.1765026488732
3.31961667532045 0 6.47208637518566 15.2016605480011
3.32350381428453 0 6.47208637518566 15.2268184471289
3.32739095324861 0 6.47208637518566 15.2519763462568
3.33127809221268 0 6.47208637518566 15.2771342453846
3.33516523117676 0 6.47208637518566 15.3022921445124
3.33905237014083 0 6.47208637518566 15.3274500436403
3.34293950910491 0 6.47208637518566 15.3526079427681
3.34682664806898 0 6.47208637518566 15.377765841896
3.35071378703306 0 6.47208637518566 15.4029237410238
3.35460092599713 0 6.47208637518566 15.4280816401517
3.35848806496121 0 6.47208637518566 15.4532395392795
3.36237520392529 0 6.47208637518566 15.4783974384074
3.36626234288936 0 6.47208637518566 15.5035553375352
3.37014948185344 0 6.47208637518566 15.5287132366631
3.37403662081751 0 6.47208637518566 15.5538711357909
3.37792375978159 0 6.47208637518566 15.5790290349188
3.38181089874566 0 6.47208637518566 15.6041869340466
3.38569803770974 0 6.47208637518566 15.6293448331744
3.38958517667381 0 6.47208637518566 15.6545027323023
3.39347231563789 0 6.47208637518566 15.6796606314301
3.39735945460196 0 6.47208637518566 15.704818530558
3.40124659356604 0 6.47208637518566 15.7299764296858
3.40513373253012 0 6.47208637518566 15.7551343288137
3.40902087149419 0 6.47208637518566 15.7802922279415
3.41290801045827 0 6.47208637518566 15.8054501270694
3.41679514942234 0 6.47208637518566 15.8306080261972
3.42068228838642 0 6.47208637518566 15.8557659253251
3.42456942735049 0 6.47208637518566 15.8809238244529
3.42845656631457 0 6.47208637518566 15.9060817235808
3.43234370527864 0 6.47208637518566 15.9312396227086
3.43623084424272 0 6.47208637518566 15.9563975218364
3.44011798320679 0 6.47208637518566 15.9815554209643
3.44400512217087 0 6.47208637518566 16.0067133200921
3.44789226113495 0 6.47208637518566 16.03187121922
3.45177940009902 0 6.47208637518566 16.0570291183478
3.4556665390631 0 6.47208637518566 16.0821870174757
3.45955367802717 0 6.47208637518566 16.1073449166035
3.46344081699125 0 6.47208637518566 16.1325028157314
3.46732795595532 0 6.47208637518566 16.1576607148592
3.4712150949194 0 6.47208637518566 16.1828186139871
3.47510223388347 0 6.47208637518566 16.2079765131149
3.47898937284755 0 6.47208637518566 16.2331344122428
3.48287651181162 0 6.47208637518566 16.2582923113706
3.4867636507757 0 6.47208637518566 16.2834502104984
3.49065078973978 0 6.47208637518566 16.3086081096263
3.49453792870385 0 6.47208637518566 16.3337660087541
3.49842506766793 0 6.47208637518566 16.358923907882
3.502312206632 0 6.47208637518566 16.3840818070098
3.50619934559608 0 6.47208637518566 16.4092397061377
3.51008648456015 0 6.47208637518566 16.4343976052655
3.51397362352423 0 6.47208637518566 16.4595555043934
3.5178607624883 0 6.47208637518566 16.4847134035212
3.52174790145238 0 6.47208637518566 16.5098713026491
3.52563504041645 0 6.47208637518566 16.5350292017769
3.52952217938053 0 6.47208637518566 16.5601871009048
3.53340931834461 0 6.47208637518566 16.5853450000326
3.53729645730868 0 6.47208637518566 16.6105028991604
3.54118359627276 0 6.47208637518566 16.6356607982883
3.54507073523683 0 6.47208637518566 16.6608186974161
3.54895787420091 0 6.47208637518566 16.685976596544
3.55284501316498 0 6.47208637518566 16.7111344956718
3.55673215212906 0 6.47208637518566 16.7362923947997
3.56061929109313 0 6.47208637518566 16.7614502939275
3.56450643005721 0 6.47208637518566 16.7866081930554
3.56839356902129 0 6.47208637518566 16.8117660921832
3.57228070798536 0 6.47208637518566 16.8369239913111
3.57616784694944 0 6.47208637518566 16.8620818904389
3.58005498591351 0 6.47208637518566 16.8872397895668
3.58394212487759 0 6.47208637518566 16.9123976886946
3.58782926384166 0 6.47208637518566 16.9375555878224
3.59171640280574 0 6.47208637518566 16.9627134869503
3.59560354176981 0 6.47208637518566 16.9878713860781
3.59949068073389 0 6.47208637518566 17.013029285206
3.60337781969796 0 6.47208637518566 17.0381871843338
3.60726495866204 0 6.47208637518566 17.0633450834617
3.61115209762612 0 6.47208637518566 17.0885029825895
3.61503923659019 0 6.47208637518566 17.1136608817174
3.61892637555427 0 6.47208637518566 17.1388187808452
3.62281351451834 0 6.47208637518566 17.1639766799731
3.62670065348242 0 6.47208637518566 17.1891345791009
3.63058779244649 0 6.47208637518566 17.2142924782288
3.63447493141057 0 6.47208637518566 17.2394503773566
3.63836207037464 0 6.47208637518566 17.2646082764844
3.64224920933872 0 6.47208637518566 17.2897661756123
3.64613634830279 0 6.47208637518566 17.3149240747401
3.65002348726687 0 6.47208637518566 17.340081973868
3.65391062623095 0 6.47208637518566 17.3652398729958
3.65779776519502 0 6.47208637518566 17.3903977721237
3.6616849041591 0 6.47208637518566 17.4155556712515
3.66557204312317 0 6.47208637518566 17.4407135703794
3.66945918208725 0 6.47208637518566 17.4658714695072
3.67334632105132 0 6.47208637518566 17.4910293686351
3.6772334600154 0 6.47208637518566 17.5161872677629
3.68112059897947 0 6.47208637518566 17.5413451668908
3.68500773794355 0 6.47208637518566 17.5665030660186
3.68889487690762 0 6.47208637518566 17.5916609651464
3.6927820158717 0 6.47208637518566 17.6168188642743
3.69666915483578 0 6.47208637518566 17.6419767634021
3.70055629379985 0 6.47208637518566 17.66713466253
3.70444343276393 0 6.47208637518566 17.6922925616578
3.708330571728 0 6.47208637518566 17.7174504607857
3.71221771069208 0 6.47208637518566 17.7426083599135
3.71610484965615 0 6.47208637518566 17.7677662590414
3.71999198862023 0 6.47208637518566 17.7929241581692
3.7238791275843 0 6.47208637518566 17.8180820572971
3.72776626654838 0 6.47208637518566 17.8432399564249
3.73165340551245 0 6.47208637518566 17.8683978555528
3.73554054447653 0 6.47208637518566 17.8935557546806
3.73942768344061 0 6.47208637518566 17.9187136538084
3.74331482240468 0 6.47208637518566 17.9438715529363
3.74720196136876 0 6.47208637518566 17.9690294520641
3.75108910033283 0 6.47208637518566 17.994187351192
3.75497623929691 0 6.47208637518566 18.0193452503198
3.75886337826098 0 6.47208637518566 18.0445031494477
3.76275051722506 0 6.47208637518566 18.0696610485755
3.76663765618913 0 6.47208637518566 18.0948189477034
3.77052479515321 0 6.47208637518566 18.1199768468312
3.77441193411729 0 6.47208637518566 18.1451347459591
3.77829907308136 0 6.47208637518566 18.1702926450869
3.78218621204544 0 6.47208637518566 18.1954505442148
3.78607335100951 0 6.47208637518566 18.2206084433426
3.78996048997359 0 6.47208637518566 18.2457663424704
3.79384762893766 0 6.47208637518566 18.2709242415983
3.79773476790174 0 6.47208637518566 18.2960821407261
3.80162190686581 0 6.47208637518566 18.321240039854
3.80550904582989 0 6.47208637518566 18.3463979389818
3.80939618479396 0 6.47208637518566 18.3715558381097
3.81328332375804 0 6.47208637518566 18.3967137372375
3.81717046272212 0 6.47208637518566 18.4218716363654
3.82105760168619 0 6.47208637518566 18.4470295354932
3.82494474065027 0 6.47208637518566 18.4721874346211
3.82883187961434 0 6.47208637518566 18.4973453337489
3.83271901857842 0 6.47208637518566 18.5225032328768
3.83660615754249 0 6.47208637518566 18.5476611320046
3.84049329650657 0 6.47208637518566 18.5728190311325
3.84438043547064 0 6.47208637518566 18.5979769302603
3.84826757443472 0 6.47208637518566 18.6231348293881
3.85215471339879 0 6.47208637518566 18.648292728516
3.85604185236287 0 6.47208637518566 18.6734506276438
3.85992899132695 0 6.47208637518566 18.6986085267717
3.86381613029102 0 6.47208637518566 18.7237664258995
3.8677032692551 0 6.47208637518566 18.7489243250274
3.87159040821917 0 6.47208637518566 18.7740822241552
3.87547754718325 0 6.47208637518566 18.7992401232831
3.87936468614732 0 6.47208637518566 18.8243980224109
3.8832518251114 0 6.47208637518566 18.8495559215388
