Tiempo_total_NR Tiempo_total_NR_EX tiempo_puntos_NR tiempo_puntos_NR_EX
0.3557948 0.5343185 0.3557948 0.5343185
0.7343583 0.9510628 0.3785635 0.4167443
1.164576 1.3689253 0.4302177 0.4178625
1.5601139 1.785503 0.3955379 0.4165777
1.9574108 2.2415139 0.3972969 0.4560109
2.3430399 2.6725006 0.3856291 0.4309867
2.7370558 3.1001696 0.3940159 0.427669
3.131704 3.5307822 0.3946482 0.4306126
3.5313661 3.9619067 0.3996621 0.4311245
3.9145379 4.3949136 0.3831718 0.4330069
4.3103069 4.8250422 0.395769 0.4301286
4.7078018 5.2564838 0.3974949 0.4314416
5.0973863 5.6935991 0.3895845 0.4371153
5.4798528 6.126601 0.3824665 0.4330019
5.8695863 6.5626092 0.3897335 0.4360082
6.2418451 6.9919974 0.3722588 0.4293882
6.7651123 7.4261996 0.5232672 0.4342022
7.2593585 7.8581026 0.4942462 0.431903
7.7627823 8.289575 0.5034238 0.4314724
8.2674635 8.7294265 0.5046812 0.4398515
8.7955791 9.1597044 0.5281156 0.4302779
9.3105598 9.5951384 0.5149807 0.435434
9.824982 10.0323983 0.5144222 0.4372599
10.311364 10.4645305 0.486382 0.4321322
10.824546 10.8916614 0.513182 0.4271309
11.3274476 11.3217371 0.5029016 0.4300757
11.842271 11.7510143 0.5148234 0.4292772
12.3515706 12.2087482 0.5092996 0.4577339
12.9021056 12.6694355 0.550535 0.4606873
13.4025949 13.9755459 0.5004893 1.3061104
13.9593618 14.4785551 0.5567669 0.5030092
14.4691011 14.981191 0.5097393 0.5026359
15.1734718 15.4486296 0.7043707 0.4674386
15.7156128 16.0814559 0.542141 0.6328263
16.2244824 16.6912024 0.5088696 0.6097465
16.7369518 17.337714 0.5124694 0.6465116
17.24019 17.8756641 0.5032382 0.5379501
17.7489855 18.3298649 0.5087955 0.4542008
18.2497144 18.7767181 0.5007289 0.4468532
18.7727682 19.231605 0.5230538 0.4548869
19.272129 19.8143651 0.4993608 0.5827601
19.7835803 20.2897214 0.5114513 0.4753563
20.2953612 20.7634664 0.5117809 0.473745
20.8203983 21.2152795 0.5250371 0.4518131
21.3094577 21.7391101 0.4890594 0.5238306
21.8183357 22.2873879 0.508878 0.5482778
22.3177465 22.7981706 0.4994108 0.5107827
22.828623 23.2609737 0.5108765 0.4628031
23.3450491 23.730014 0.5164261 0.4690403
23.8569515 24.232966 0.5119024 0.502952
24.3584915 24.7686902 0.50154 0.5357242
24.8627013 25.2301087 0.5042098 0.4614185
25.3919611 25.7015684 0.5292598 0.4714597
25.9266468 26.1613236 0.5346857 0.4597552
26.4846797 26.6189818 0.5580329 0.4576582
26.9952717 27.0656396 0.510592 0.4466578
27.565594 27.5590973 0.5703223 0.4934577
28.2980113 28.0197952 0.7324173 0.4606979
29.1061311 28.4900705 0.8081198 0.4702753
29.9278808 29.0365164 0.8217497 0.5464459
30.7601251 29.5417133 0.8322443 0.5051969
31.1959952 30.0140537 0.4358701 0.4723404
31.7753441 30.4707265 0.5793489 0.4566728
32.324754 31.0997982 0.5494099 0.6290717
32.8232546 31.5606441 0.4985006 0.4608459
33.2496502 32.0100942 0.4263956 0.4494501
33.662833 32.5187125 0.4131828 0.5086183
34.08039 33.0072913 0.417557 0.4885788
34.4942609 33.4480889 0.4138709 0.4407976
34.9092489 33.8779188 0.414988 0.4298299
35.3253805 34.3047536 0.4161316 0.4268348
35.7418089 34.7976776 0.4164284 0.492924
36.1575356 35.4501547 0.4157267 0.6524771
36.5779093 35.9720285 0.4203737 0.5218738
36.9985775 36.427235 0.4206682 0.4552065
37.4175335 36.8838405 0.418956 0.4566055
37.8383921 37.3435398 0.4208586 0.4596993
38.2625256 37.8043077 0.4241335 0.4607679
38.6782017 38.373699 0.4156761 0.5693913
39.0931277 38.9652257 0.414926 0.5915267
39.5084461 39.5821286 0.4153184 0.6169029
39.9347786 40.1021765 0.4263325 0.5200479
40.3827245 40.6063729 0.4479459 0.5041964
40.8137039 41.3313289 0.4309794 0.724956
41.2388643 41.968973 0.4251604 0.6376441
41.6558933 42.5155831 0.417029 0.5466101
42.0773943 42.9997697 0.421501 0.4841866
42.4916722 43.5825791 0.4142779 0.5828094
42.9119436 44.1169437 0.4202714 0.5343646
43.3488551 44.6825896 0.4369115 0.5656459
43.7642036 45.2345142 0.4153485 0.5519246
44.1777742 45.818002 0.4135706 0.5834878
44.5937185 46.5172714 0.4159443 0.6992694
45.0089968 47.1671096 0.4152783 0.6498382
45.4223244 47.6284171 0.4133276 0.4613075
45.8636277 48.0724646 0.4413033 0.4440475
46.3119705 48.5711258 0.4483428 0.4986612
46.76103 49.0713346 0.4490595 0.5002088
47.1820081 49.5656673 0.4209781 0.4943327
47.5952805 50.0315801 0.4132724 0.4659128
48.0138785 50.4955793 0.418598 0.4639992
48.4267255 50.9621513 0.412847 0.466572
48.8383692 51.4379645 0.4116437 0.4758132
49.2544218 51.9952305 0.4160526 0.557266
49.6682743 52.4935518 0.4138525 0.4983213
50.0915515 52.9768637 0.4232772 0.4833119
50.5113058 53.4468112 0.4197543 0.4699475
50.9313064 53.9003359 0.4200006 0.4535247
51.3548666 54.3686947 0.4235602 0.4683588
51.7725312 54.8405763 0.4176646 0.4718816
52.1890698 55.3465855 0.4165386 0.5060092
52.5996419 55.8802326 0.4105721 0.5336471
53.0474587 56.3535663 0.4478168 0.4733337
53.4701465 56.8109172 0.4226878 0.4573509
53.8798853 57.2652437 0.4097388 0.4543265
54.2924895 58.0094319 0.4126042 0.7441882
54.7159229 58.8441986 0.4234334 0.8347667
55.1316382 59.3650878 0.4157153 0.5208892
55.5426071 59.8641248 0.4109689 0.499037
55.9556283 60.3571064 0.4130212 0.4929816
56.3671899 60.8392158 0.4115616 0.4821094
56.777897 61.3303078 0.4107071 0.491092
57.1943736 61.8123954 0.4164766 0.4820876
57.6084358 62.293758 0.4140622 0.4813626
58.0245078 62.8842648 0.416072 0.5905068
58.4409302 63.4583642 0.4164224 0.5740994
58.852183 63.9463388 0.4112528 0.4879746
59.2752506 64.4698681 0.4230676 0.5235293
59.6879581 64.9722093 0.4127075 0.5023412
60.0978134 65.4568692 0.4098553 0.4846599
60.5136822 65.9435743 0.4158688 0.4867051
60.9315903 66.4304962 0.4179081 0.4869219
61.3482384 67.0410894 0.4166481 0.6105932
61.7744316 67.5530278 0.4261932 0.5119384
62.2095617 68.1445685 0.4351301 0.5915407
62.6328787 68.674679 0.423317 0.5301105
63.0536711 69.2324581 0.4207924 0.5577791
63.4689832 69.7596115 0.4153121 0.5271534
63.8870347 70.2621652 0.4180515 0.5025537
64.3037843 70.7504327 0.4167496 0.4882675
64.7185181 71.236293 0.4147338 0.4858603
65.1344565 71.7259162 0.4159384 0.4896232
65.5927239 72.249119 0.4582674 0.5232028
66.0114517 72.7966829 0.4187278 0.5475639
66.4253008 73.3627185 0.4138491 0.5660356
66.8469075 73.8886161 0.4216067 0.5258976
67.2654196 74.4394736 0.4185121 0.5508575
67.6905545 74.958068 0.4251349 0.5185944
68.1025583 75.4445681 0.4120038 0.4865001
68.53407 75.9350086 0.4315117 0.4904405
68.941366 76.4232502 0.407296 0.4882416
69.3547377 76.9115411 0.4133717 0.4882909
69.7711554 77.390801 0.4164177 0.4792599
70.1790628 77.8751792 0.4079074 0.4843782
70.5927187 78.3912933 0.4136559 0.5161141
71.0108084 78.9573854 0.4180897 0.5660921
71.4372374 79.5028497 0.426429 0.5454643
71.8487931 79.9926463 0.4115557 0.4897966
72.259342 80.5853833 0.4105489 0.592737
72.668119 81.1085228 0.408777 0.5231395
73.0847668 81.6048424 0.4166478 0.4963196
73.4986391 82.0857669 0.4138723 0.4809245
73.9287861 82.5683077 0.430147 0.4825408
74.3597568 83.0575776 0.4309707 0.4892699
74.7735517 83.5360337 0.4137949 0.4784561
75.1880193 84.0203115 0.4144676 0.4842778
75.594415 84.5006347 0.4063957 0.4803232
76.0093051 84.9817674 0.4148901 0.4811327
76.4214185 85.5267261 0.4121134 0.5449587
76.8416145 86.1786192 0.420196 0.6518931
77.2563972 86.7706965 0.4147827 0.5920773
77.6791731 87.2614593 0.4227759 0.4907628
78.1464199 87.7656181 0.4672468 0.5041588
78.5637899 88.2719348 0.41737 0.5063167
78.9778467 88.812118 0.4140568 0.5401832
79.3905628 89.3459007 0.4127161 0.5337827
79.8082245 89.8407355 0.4176617 0.4948348
80.2267569 90.3346391 0.4185324 0.4939036
80.6373841 90.8143387 0.4106272 0.4796996
81.0544569 91.2997451 0.4170728 0.4854064
81.4694729 91.7792093 0.415016 0.4794642
81.8805492 92.2570671 0.4110763 0.4778578
82.2947324 92.7407963 0.4141832 0.4837292
82.7050286 93.2218142 0.4102962 0.4810179
83.1151475 93.7119244 0.4101189 0.4901102
83.5311159 94.2796614 0.4159684 0.567737
83.9506749 94.7818504 0.419559 0.502189
84.3626629 95.2758271 0.411988 0.4939767
84.7808559 95.7818939 0.418193 0.5060668
85.1947013 96.4091805 0.4138454 0.6272866
85.6079185 96.9715339 0.4132172 0.5623534
86.0286195 97.5148905 0.420701 0.5433566
86.4465438 98.0657249 0.4179243 0.5508344
86.8587048 98.5846057 0.412161 0.5188808
87.2788847 99.1094621 0.4201799 0.5248564
87.6954197 99.6064225 0.416535 0.4969604
88.1072122 100.098345 0.4117925 0.4919225
88.5158059 100.5864999 0.4085937 0.4881549
88.9322036 101.0703459 0.4163977 0.483846
89.3459129 101.5478796 0.4137093 0.4775337
89.7620596 102.033327 0.4161467 0.4854474
90.212286 102.52644 0.4502264 0.493113
90.6211736 103.0026917 0.4088876 0.4762517
91.046074 103.486847 0.4249004 0.4841553
91.4605728 103.9722107 0.4144988 0.4853637
91.8810705 104.4748371 0.4204977 0.5026264
92.3021156 104.9638887 0.4210451 0.4890516
92.7191821 105.4505595 0.4170665 0.4866708
93.1318722 105.976819 0.4126901 0.5262595
93.5469811 106.5631796 0.4151089 0.5863606
93.961013 107.0867465 0.4140319 0.5235669
94.3724204 107.6152773 0.4114074 0.5285308
94.7854038 108.1113769 0.4129834 0.4960996
95.2005177 108.7942387 0.4151139 0.6828618
95.6148666 109.4171435 0.4143489 0.6229048
96.0290921 109.9545876 0.4142255 0.5374441
96.4423001 110.448522 0.413208 0.4939344
96.85642 110.9299882 0.4141199 0.4814662
97.27031 111.4165592 0.41389 0.486571
97.6937273 111.8983377 0.4234173 0.4817785
98.1034862 112.3786853 0.4097589 0.4803476
98.5154014 112.9420994 0.4119152 0.5634141
98.9373624 113.5530619 0.421961 0.6109625
99.3531361 114.2271018 0.4157737 0.6740399
99.765792 114.754569 0.4126559 0.5274672
100.1796821 115.256034 0.4138901 0.501465
100.5913058 115.7337532 0.4116237 0.4777192
101.0088988 116.2340496 0.417593 0.5002964
101.4227103 116.6996621 0.4138115 0.4656125
101.8328494 117.1668397 0.4101391 0.4671776
102.2831589 117.63098 0.4503095 0.4641403
102.704517 118.0892531 0.4213581 0.4582731
103.1133088 118.5548244 0.4087918 0.4655713
103.5321303 119.0155699 0.4188215 0.4607455
103.9548216 119.507381 0.4226913 0.4918111
104.3629669 119.9678936 0.4081453 0.4605126
104.7768503 120.4650536 0.4138834 0.49716
105.1870516 120.9517391 0.4102013 0.4866855
105.6003239 121.4163744 0.4132723 0.4646353
106.0146935 121.8770211 0.4143696 0.4606467
106.4266907 122.5387511 0.4119972 0.66173
106.8420977 123.2019602 0.415407 0.6632091
107.2564856 123.6899347 0.4143879 0.4879745
107.6691595 124.1579135 0.4126739 0.4679788
108.0801978 124.6189567 0.4110383 0.4610432
108.4881213 125.0820844 0.4079235 0.4631277
108.9138243 125.5509047 0.425703 0.4688203
109.3249814 126.0118892 0.4111571 0.4609845
109.7401934 126.5220453 0.415212 0.5101561
110.1504475 126.9840096 0.4102541 0.4619643
110.5640968 127.4450417 0.4136493 0.4610321
110.9815809 127.9077922 0.4174841 0.4627505
111.3974023 128.3745004 0.4158214 0.4667082
111.8189195 128.8458524 0.4215172 0.471352
112.6817465 129.3055641 0.862827 0.4597117
113.1755975 129.7673976 0.493851 0.4618335
113.5944903 130.2359075 0.4188928 0.4685099
114.0031156 130.6929406 0.4086253 0.4570331
114.4155689 131.161035 0.4124533 0.4680944
114.8632351 131.6214796 0.4476662 0.4604446
115.2787668 132.0823022 0.4155317 0.4608226
115.6918316 132.5468871 0.4130648 0.4645849
116.1017153 133.0109188 0.4098837 0.4640317
116.520351 133.465515 0.4186357 0.4545962
116.9339811 133.9394479 0.4136301 0.4739329
117.349034 134.4241222 0.4150529 0.4846743
117.7587898 134.8851297 0.4097558 0.4610075
118.1674495 135.3511136 0.4086597 0.4659839
118.5895672 135.8120922 0.4221177 0.4609786
119.0082888 136.2791865 0.4187216 0.4670943
119.4277525 136.7390467 0.4194637 0.4598602
119.8507569 137.2034357 0.4230044 0.464389
120.2643475 137.6620503 0.4135906 0.4586146
120.6818018 138.1397696 0.4174543 0.4777193
121.1070133 138.6003513 0.4252115 0.4605817
121.5186156 139.0631743 0.4116023 0.462823
121.9348493 139.5266195 0.4162337 0.4634452
122.3482796 139.9854118 0.4134303 0.4587923
122.7631477 140.4538387 0.4148681 0.4684269
123.1818228 140.9155587 0.4186751 0.46172
123.5954428 141.3809864 0.41362 0.4654277
124.014142 141.854975 0.4186992 0.4739886
124.4323487 142.3179667 0.4182067 0.4629917
124.8479379 142.7794779 0.4155892 0.4615112
125.2670789 143.2352438 0.419141 0.4557659
125.6856623 143.7039514 0.4185834 0.4687076
126.0987345 144.1675306 0.4130722 0.4635792
126.5168685 144.6318018 0.418134 0.4642712
126.9701654 145.0889608 0.4532969 0.457159
127.3828552 145.5571435 0.4126898 0.4681827
127.7975906 146.0250518 0.4147354 0.4679083
128.2143905 146.4876095 0.4167999 0.4625577
128.6269993 146.9504928 0.4126088 0.4628833
129.049785 147.4130334 0.4227857 0.4625406
129.4611319 147.8719525 0.4113469 0.4589191
129.8795857 148.337611 0.4184538 0.4656585
130.2931686 148.798965 0.4135829 0.461354
130.7101801 149.2591051 0.4170115 0.4601401
131.1199845 149.7178769 0.4098044 0.4587718
131.5269465 150.1796689 0.406962 0.461792
131.9432559 150.6430099 0.4163094 0.463341
132.361449 151.1071981 0.4181931 0.4641882
132.7728993 151.5701761 0.4114503 0.462978
133.1900717 152.0463339 0.4171724 0.4761578
133.6044255 152.6017796 0.4143538 0.5554457
134.025859 153.082098 0.4214335 0.4803184
134.4755059 153.5447257 0.4496469 0.4626277
134.8864483 154.002545 0.4109424 0.4578193
135.2976567 154.4581092 0.4112084 0.4555642
135.7146265 154.923849 0.4169698 0.4657398
136.1300025 155.39043 0.415376 0.466581
136.5423322 155.8475663 0.4123297 0.4571363
136.962049 156.3235569 0.4197168 0.4759906
137.3749282 156.7874136 0.4128792 0.4638567
137.7855287 157.2480693 0.4106005 0.4606557
138.2001388 157.7058601 0.4146101 0.4577908
138.6100527 158.1656963 0.4099139 0.4598362
139.0303564 158.6287056 0.4203037 0.4630093
139.575398 159.0956462 0.5450416 0.4669406
139.9964463 159.5573386 0.4210483 0.4616924
140.4121616 160.022527 0.4157153 0.4651884
140.8214571 160.4820206 0.4092955 0.4594936
141.2445782 160.9475963 0.4231211 0.4655757
141.6603497 161.4070693 0.4157715 0.459473
142.084643 161.8657646 0.4242933 0.4586953
142.4974282 162.3263059 0.4127852 0.4605413
142.9620062 162.7868407 0.464578 0.4605348
143.4047003 163.2465515 0.4426941 0.4597108
143.8210893 163.7031734 0.416389 0.4566219
144.2315075 164.1686696 0.4104182 0.4654962
144.64812 164.6341209 0.4166125 0.4654513
145.0640863 165.098512 0.4159663 0.4643911
145.4819039 165.5604926 0.4178176 0.4619806
145.9040577 166.0215258 0.4221538 0.4610332
146.3157559 166.4813735 0.4116982 0.4598477
146.7240986 166.9435682 0.4083427 0.4621947
147.1410361 167.4043109 0.4169375 0.4607427
147.5500051 167.8675187 0.408969 0.4632078
147.9879293 168.3380342 0.4379242 0.4705155
148.3994333 168.7949433 0.411504 0.4569091
148.8126054 169.2501838 0.4131721 0.4552405
149.2314535 169.7074619 0.4188481 0.4572781
149.6413931 170.1722163 0.4099396 0.4647544
150.0550417 170.638294 0.4136486 0.4660777
150.4720791 171.0990546 0.4170374 0.4607606
150.8864112 171.5555189 0.4143321 0.4564643
151.3077479 172.0110341 0.4213367 0.4555152
151.7605353 172.4713009 0.4527874 0.4602668
152.169908 172.9343979 0.4093727 0.463097
152.5818378 173.388797 0.4119298 0.4543991
153.0009478 173.8515653 0.41911 0.4627683
153.4191619 174.3151114 0.4182141 0.4635461
153.8320376 174.7759414 0.4128757 0.46083
154.2497086 175.2341362 0.417671 0.4581948
154.6619023 175.6986587 0.4121937 0.4645225
155.0745131 176.1599751 0.4126108 0.4613164
155.4888381 176.6247843 0.414325 0.4648092
155.9009811 177.0851954 0.412143 0.4604111
156.3133904 177.5470826 0.4124093 0.4618872
156.7301153 178.0113243 0.4167249 0.4642417
157.1421117 178.464439 0.4119964 0.4531147
157.5583618 178.9252309 0.4162501 0.4607919
157.974739 179.3917052 0.4163772 0.4664743
158.3871288 179.8920751 0.4123898 0.5003699
158.8034239 180.3549854 0.4162951 0.4629103
159.2160582 180.826396 0.4126343 0.4714106
159.625698 181.305792 0.4096398 0.479396
160.0418022 181.7686792 0.4161042 0.4628872
160.4555526 182.2312193 0.4137504 0.4625401
160.8692999 182.6900397 0.4137473 0.4588204
161.284131 183.1525912 0.4148311 0.4625515
161.7059844 183.6463632 0.4218534 0.493772
162.114158 184.1110849 0.4081736 0.4647217
162.5268382 184.5701429 0.4126802 0.459058
162.9418189 185.0308493 0.4149807 0.4607064
163.3563906 185.4855563 0.4145717 0.454707
163.7703802 185.9499431 0.4139896 0.4643868
164.224913 186.4196168 0.4545328 0.4696737
164.6354676 186.8803152 0.4105546 0.4606984
165.0553532 187.3415606 0.4198856 0.4612454
165.4644204 187.8034452 0.4090672 0.4618846
165.8738194 188.2671125 0.409399 0.4636673
166.2884488 188.7326328 0.4146294 0.4655203
166.7029468 189.1964033 0.414498 0.4637705
167.1127667 189.6569475 0.4098199 0.4605442
167.5283704 190.1153038 0.4156037 0.4583563
167.9400091 190.5741725 0.4116387 0.4588687
168.3522088 191.0364958 0.4121997 0.4623233
168.7640716 191.488808 0.4118628 0.4523122
169.1867018 191.9488229 0.4226302 0.4600149
169.5997728 192.4062934 0.413071 0.4574705
170.0136238 192.8681663 0.413851 0.4618729
170.4202022 193.3315057 0.4065784 0.4633394
170.8447133 193.7916391 0.4245111 0.4601334
171.4248433 194.2579292 0.58013 0.4662901
171.9274498 194.7259017 0.5026065 0.4679725
172.4212841 195.1894356 0.4938343 0.4635339
172.8333934 195.6521831 0.4121093 0.4627475
173.2534675 196.1204364 0.4200741 0.4682533
173.6624716 196.5807962 0.4090041 0.4603598
174.0744133 197.0400168 0.4119417 0.4592206
174.4871168 197.4950323 0.4127035 0.4550155
174.8970294 197.9560752 0.4099126 0.4610429
175.3074865 198.4183674 0.4104571 0.4622922
175.7242079 198.8773958 0.4167214 0.4590284
176.1349066 199.341329 0.4106987 0.4639332
176.5507802 199.8010444 0.4158736 0.4597154
176.97666 200.2673977 0.4258798 0.4663533
177.4230941 200.7364409 0.4464341 0.4690432
177.8383489 201.1982696 0.4152548 0.4618287
178.2512872 201.6581126 0.4129383 0.459843
178.6595509 202.1275612 0.4082637 0.4694486
179.0769442 202.5857572 0.4173933 0.458196
179.4858077 203.0465057 0.4088635 0.4607485
179.8987597 203.5107395 0.412952 0.4642338
180.313736 203.9682931 0.4149763 0.4575536
180.7239153 204.4292331 0.4101793 0.46094
181.1395104 204.8894749 0.4155951 0.4602418
181.5506403 205.3544553 0.4111299 0.4649804
181.9622633 205.8157108 0.411623 0.4612555
182.3754011 206.2717815 0.4131378 0.4560707
182.79371 206.7391949 0.4183089 0.4674134
183.2020743 207.1987226 0.4083643 0.4595277
183.6197174 207.66064 0.4176431 0.4619174
184.0355891 208.1263272 0.4158717 0.4656872
184.4489247 208.5823959 0.4133356 0.4560687
184.9163143 209.0422296 0.4673896 0.4598337
185.3347625 209.507808 0.4184482 0.4655784
185.7586982 209.9698909 0.4239357 0.4620829
186.1663879 210.4304339 0.4076897 0.460543
186.5775649 210.9013375 0.411177 0.4709036
186.9869557 211.3621893 0.4093908 0.4608518
187.3972841 211.8162569 0.4103284 0.4540676
187.9050379 212.2758181 0.5077538 0.4595612
188.4123093 212.7350608 0.5072714 0.4592427
188.9217678 213.1922626 0.5094585 0.4572018
189.4393968 213.6488576 0.517629 0.456595
189.9493277 214.1129075 0.5099309 0.4640499
190.4565301 214.5703804 0.5072024 0.4574729
191.0007175 215.0332539 0.5441874 0.4628735
191.5194255 215.4915225 0.518708 0.4582686
192.0310676 215.9544615 0.5116421 0.462939
192.5430722 216.5295878 0.5120046 0.5751263
193.047865 217.3180302 0.5047928 0.7884424
193.4582654 217.851565 0.4104004 0.5335348
193.8710598 218.3156552 0.4127944 0.4640902
194.280736 218.7732702 0.4096762 0.457615
194.7293854 219.2325926 0.4486494 0.4593224
195.1336331 219.6871297 0.4042477 0.4545371
195.5537343 220.1506264 0.4201012 0.4634967
195.9638374 220.612064 0.4101031 0.4614376
196.3776706 221.0786533 0.4138332 0.4665893
196.7859775 221.5451605 0.4083069 0.4665072
197.1987148 222.0110382 0.4127373 0.4658777
197.603978 222.4754294 0.4052632 0.4643912
198.014617 222.9422207 0.410639 0.4667913
198.4239049 223.4037328 0.4092879 0.4615121
198.8363221 223.8636356 0.4124172 0.4599028
199.2537446 224.3232977 0.4174225 0.4596621
199.66824 224.7860672 0.4144954 0.4627695
200.0830209 225.2477777 0.4147809 0.4617105
200.4970688 225.706924 0.4140479 0.4591463
200.9213608 226.17551 0.424292 0.468586
201.3450846 226.6440806 0.4237238 0.4685706
201.7629254 227.1258154 0.4178408 0.4817348
202.1752584 227.5889473 0.412333 0.4631319
202.5930886 228.0495591 0.4178302 0.4606118
203.0459163 228.5120644 0.4528277 0.4625053
203.4606631 228.9717729 0.4147468 0.4597085
203.8758752 229.4354328 0.4152121 0.4636599
204.3437456 229.9035427 0.4678704 0.4681099
204.8439816 230.367726 0.500236 0.4641833
205.2563603 230.8322335 0.4123787 0.4645075
205.6651944 231.3073822 0.4088341 0.4751487
206.0846029 231.7746873 0.4194085 0.4673051
206.4912097 232.2417536 0.4066068 0.4670663
206.8995772 232.7060059 0.4083675 0.4642523
207.3183805 233.1745757 0.4188033 0.4685698
207.7301251 233.6369764 0.4117446 0.4624007
208.1409722 234.0998947 0.4108471 0.4629183
208.5618329 234.5671945 0.4208607 0.4672998
208.9749571 235.0337922 0.4131242 0.4665977
209.4478419 235.4957847 0.4728848 0.4619925
209.9337154 235.9619223 0.4858735 0.4661376
210.3472571 236.4276739 0.4135417 0.4657516
210.7572711 236.8945725 0.410014 0.4668986
211.1760208 237.3649366 0.4187497 0.4703641
211.5883622 237.8306399 0.4123414 0.4657033
212.0019273 238.2937189 0.4135651 0.463079
212.4093003 238.756919 0.407373 0.4632001
212.822189 239.2148242 0.4128887 0.4579052
213.2393725 239.6748716 0.4171835 0.4600474
213.6571763 240.1780596 0.4178038 0.503188
214.0697011 240.6406342 0.4125248 0.4625746
214.5114812 241.1049277 0.4417801 0.4642935
214.9262499 241.5672562 0.4147687 0.4623285
215.3413121 242.030412 0.4150622 0.4631558
215.7557115 242.4865879 0.4143994 0.4561759
216.1657186 242.9583535 0.4100071 0.4717656
216.5886983 243.4322343 0.4229797 0.4738808
216.9982402 243.8932128 0.4095419 0.4609785
217.4443454 244.3948557 0.4461052 0.5016429
217.8541356 244.850324 0.4097902 0.4554683
218.2650043 245.3089781 0.4108687 0.4586541
218.6799719 245.7641963 0.4149676 0.4552182
219.0872089 246.231327 0.407237 0.4671307
219.5029591 246.6969928 0.4157502 0.4656658
219.9114461 247.1609678 0.408487 0.463975
220.3230125 247.6194187 0.4115664 0.4584509
220.7358953 248.077893 0.4128828 0.4584743
221.1418774 248.5401608 0.4059821 0.4622678
221.5596079 248.9902589 0.4177305 0.4500981
221.9761457 249.4459387 0.4165378 0.4556798
222.3894797 249.9072105 0.413334 0.4612718
222.8033994 250.364532 0.4139197 0.4573215
223.21582 250.8248296 0.4124206 0.4602976
223.6324517 251.2868198 0.4166317 0.4619902
224.0432784 251.753614 0.4108267 0.4667942
224.4546152 252.2123059 0.4113368 0.4586919
224.8629143 252.6695632 0.4082991 0.4572573
225.2746186 253.1382526 0.4117043 0.4686894
225.6834162 253.5994154 0.4087976 0.4611628
226.0890192 254.0545657 0.405603 0.4551503
226.5003822 254.513686 0.411363 0.4591203
226.9145641 254.9677287 0.4141819 0.4540427
227.3337827 255.4244849 0.4192186 0.4567562
227.7442542 255.8811039 0.4104715 0.456619
228.1536779 256.3473482 0.4094237 0.4662443
228.5644561 256.8073875 0.4107782 0.4600393
229.0181325 257.2702387 0.4536764 0.4628512
229.5068111 257.7336043 0.4886786 0.4633656
229.9198773 258.1923008 0.4130662 0.4586965
230.3317637 258.6496724 0.4118864 0.4573716
230.7428205 259.1163991 0.4110568 0.4667267
231.1590794 259.5768239 0.4162589 0.4604248
231.5734515 260.0397571 0.4143721 0.4629332
231.9871257 260.5011884 0.4136742 0.4614313
232.4011046 260.9587391 0.4139789 0.4575507
232.8152703 261.4262923 0.4141657 0.4675532
233.2288225 262.1431104 0.4135522 0.7168181
233.6400227 262.7504371 0.4112002 0.6073267
234.0525847 263.2217531 0.412562 0.471316
234.46612 263.6811884 0.4135353 0.4594353
234.878732 264.1474462 0.412612 0.4662578
235.2876699 264.6342197 0.4089379 0.4867735
235.7056676 265.100789 0.4179977 0.4665693
236.2132406 265.5544135 0.507573 0.4536245
236.6569653 266.0151964 0.4437247 0.4607829
237.0653792 266.4776796 0.4084139 0.4624832
237.5675523 266.9447136 0.5021731 0.467034
237.9857656 267.4022873 0.4182133 0.4575737
238.4734438 267.8625629 0.4876782 0.4602756
238.8870325 268.3251535 0.4135887 0.4625906
239.2999522 268.782922 0.4129197 0.4577685
239.7143445 269.2391391 0.4143923 0.4562171
240.1340581 269.7053323 0.4197136 0.4661932
240.5454181 270.166548 0.41136 0.4612157
240.9641519 270.6268705 0.4187338 0.4603225
241.4146372 271.0901671 0.4504853 0.4632966
241.824422 271.5589671 0.4097848 0.4688
242.2384632 272.0241066 0.4140412 0.4651395
242.6551573 272.4771167 0.4166941 0.4530101
243.0741526 272.936231 0.4189953 0.4591143
243.4843048 273.399508 0.4101522 0.463277
243.8934956 273.855523 0.4091908 0.456015
244.3046331 274.3175318 0.4111375 0.4620088
244.7233772 274.7747098 0.4187441 0.457178
245.1355843 275.2349249 0.4122071 0.4602151
245.5535006 275.6941847 0.4179163 0.4592598
245.9705728 276.1554763 0.4170722 0.4612916
246.3799761 276.6184777 0.4094033 0.4630014
246.8145391 277.0821231 0.434563 0.4636454
247.2256729 277.5443385 0.4111338 0.4622154
247.6412559 278.0072683 0.415583 0.4629298
248.2301904 278.4585831 0.5889345 0.4513148
248.7179692 278.9202225 0.4877788 0.4616394
249.1207614 279.3800296 0.4027922 0.4598071
249.5332591 279.8360721 0.4124977 0.4560425
249.9466688 280.2974586 0.4134097 0.4613865
250.3571558 280.7591749 0.410487 0.4617163
250.7704427 281.2218935 0.4132869 0.4627186
251.181059 281.6902928 0.4106163 0.4683993
251.6005755 282.1516811 0.4195165 0.4613883
252.0111873 282.6092113 0.4106118 0.4575302
252.4242628 283.0757899 0.4130755 0.4665786
252.8412429 283.542713 0.4169801 0.4669231
253.2540192 284.0008685 0.4127763 0.4581555
253.7028243 284.455857 0.4488051 0.4549885
254.1135264 284.9147776 0.4107021 0.4589206
254.527817 285.3751427 0.4142906 0.4603651
254.9797732 285.8347497 0.4519562 0.459607
255.386625 286.2953429 0.4068518 0.4605932
255.8008318 286.7548997 0.4142068 0.4595568
256.2159094 287.2166071 0.4150776 0.4617074
256.6260492 287.6788092 0.4101398 0.4622021
257.0462497 288.1417589 0.4202005 0.4629497
257.4639152 288.602203 0.4176655 0.4604441
257.8763055 289.0581744 0.4123903 0.4559714
258.289128 289.5204702 0.4128225 0.4622958
258.7071041 289.9759414 0.4179761 0.4554712
259.1201804 290.4322243 0.4130763 0.4562829
259.5396589 290.8952604 0.4194785 0.4630361
259.9568361 291.3649096 0.4171772 0.4696492
260.3679248 291.8205743 0.4110887 0.4556647
260.7824963 292.2772038 0.4145715 0.4566295
261.1953137 292.7409355 0.4128174 0.4637317
261.6087164 293.2011517 0.4134027 0.4602162
262.0225922 293.6596646 0.4138758 0.4585129
262.4334992 294.1253144 0.410907 0.4656498
262.8491804 294.5865001 0.4156812 0.4611857
263.2659043 295.0432247 0.4167239 0.4567246
263.6738367 295.5038137 0.4079324 0.460589
264.0822313 295.9698873 0.4083946 0.4660736
264.4969688 296.4341703 0.4147375 0.464283
264.9097505 296.9016175 0.4127817 0.4674472
265.3211977 297.3637651 0.4114472 0.4621476
265.7354099 297.8221732 0.4142122 0.4584081
266.1441947 298.2784669 0.4087848 0.4562937
266.560677 298.7401944 0.4164823 0.4617275
266.9711491 299.2049737 0.4104721 0.4647793
267.4179555 299.6626827 0.4468064 0.457709
267.8268087 300.138924 0.4088532 0.4762413
268.2463789 300.6231435 0.4195702 0.4842195
268.6576332 301.0834805 0.4112543 0.460337
269.066598 301.5462747 0.4089648 0.4627942
269.4782495 302.0064454 0.4116515 0.4601707
269.895272 302.4579269 0.4170225 0.4514815
270.3050454 302.919963 0.4097734 0.4620361
270.7155185 303.3873187 0.4104731 0.4673557
271.1247644 303.852787 0.4092459 0.4654683
271.5397317 304.3127595 0.4149673 0.4599725
271.9526014 304.7727332 0.4128697 0.4599737
272.3595227 305.2392398 0.4069213 0.4665066
272.7706864 305.705157 0.4111637 0.4659172
273.1792913 306.1635989 0.4086049 0.4584419
273.5834502 306.6583813 0.4041589 0.4947824
273.993067 307.1261802 0.4096168 0.4677989
274.4082514 307.5894703 0.4151844 0.4632901
274.8228786 308.0484318 0.4146272 0.4589615
275.2346179 308.5102949 0.4117393 0.4618631
275.6421536 308.9695421 0.4075357 0.4592472
276.0548152 309.4583673 0.4126616 0.4888252
276.4725625 309.9276806 0.4177473 0.4693133
276.8834478 310.3912414 0.4108853 0.4635608
277.2954602 310.850163 0.4120124 0.4589216
277.7089151 311.3129378 0.4134549 0.4627748
278.1237147 311.7826607 0.4147996 0.4697229
278.5355267 312.2409088 0.411812 0.4582481
278.9459326 312.6990406 0.4104059 0.4581318
279.3597673 313.1609395 0.4138347 0.4618989
279.814305 313.625679 0.4545377 0.4647395
280.2227798 314.0876581 0.4084748 0.4619791
280.6309313 314.5519947 0.4081515 0.4643366
281.0465258 315.015737 0.4155945 0.4637423
281.4637778 315.469958 0.417252 0.454221
281.8740521 315.9343958 0.4102743 0.4644378
282.2914637 316.3967079 0.4174116 0.4623121
282.7034673 316.8590876 0.4120036 0.4623797
283.1232271 317.325027 0.4197598 0.4659394
283.5679187 317.7827838 0.4446916 0.4577568
284.0447143 318.2460021 0.4767956 0.4632183
284.5097907 318.704995 0.4650764 0.4589929
284.9483149 319.1632365 0.4385242 0.4582415
285.4300243 319.6249084 0.4817094 0.4616719
285.8860251 320.0840823 0.4560008 0.4591739
286.3054002 320.5516774 0.4193751 0.4675951
286.8772276 321.0106513 0.5718274 0.4589739
287.3394068 321.4661063 0.4621792 0.455455
287.7948427 321.9391382 0.4554359 0.4730319
288.23244 322.4030352 0.4375973 0.463897
288.6829176 322.862374 0.4504776 0.4593388
289.1030835 323.3233106 0.4201659 0.4609366
289.5532482 323.7844427 0.4501647 0.4611321
290.2995113 324.3181703 0.7462631 0.5337276
290.7313893 324.7956701 0.431878 0.4774998
291.2325955 325.2746691 0.5012062 0.478999
291.6750949 325.7793736 0.4424994 0.5047045
292.1293733 326.278189 0.4542784 0.4988154
292.5609797 326.7726083 0.4316064 0.4944193
292.9753265 327.2745154 0.4143468 0.5019071
293.4140364 327.7895185 0.4387099 0.5150031
293.9431485 328.3990903 0.5291121 0.6095718
294.5073682 328.8857715 0.5642197 0.4866812
295.0606367 329.4451306 0.5532685 0.5593591
295.5953366 329.9192753 0.5346999 0.4741447
296.1076866 330.9093481 0.51235 0.9900728
296.6258516 331.6504858 0.518165 0.7411377
297.217772 332.3436903 0.5919204 0.6932045
297.7614889 332.9405945 0.5437169 0.5969042
298.3034877 333.7142437 0.5419988 0.7736492
298.8279926 334.3617741 0.5245049 0.6475304
299.37493 335.0399486 0.5469374 0.6781745
299.9421252 335.6311227 0.5671952 0.5911741
300.5031177 336.2694668 0.5609925 0.6383441
301.100712 336.7961296 0.5975943 0.5266628
301.5489533 337.4436513 0.4482413 0.6475217
302.027518 338.081066 0.4785647 0.6374147
302.4799805 338.694494 0.4524625 0.613428
302.9068512 339.3131342 0.4268707 0.6186402
303.3430997 340.0451929 0.4362485 0.7320587
303.7806978 340.8701548 0.4375981 0.8249619
304.2930733 341.5861546 0.5123755 0.7159998
304.7560986 342.3012748 0.4630253 0.7151202
305.260515 342.9817729 0.5044164 0.6804981
305.7747075 343.5747733 0.5141925 0.5930004
306.6998994 344.1695477 0.9251919 0.5947744
307.4765513 344.7597982 0.7766519 0.5902505
307.98007 345.4447445 0.5035187 0.6849463
308.4181264 346.0745945 0.4380564 0.62985
309.0983098 346.6624522 0.6801834 0.5878577
309.7208846 347.2430029 0.6225748 0.5805507
310.1613331 347.7929807 0.4404485 0.5499778
310.6833709 348.3976511 0.5220378 0.6046704
311.1871435 349.0718484 0.5037726 0.6741973
311.7121846 349.6526961 0.5250411 0.5808477
312.2055944 350.2011459 0.4934098 0.5484498
312.637784 350.7644913 0.4321896 0.5633454
313.0560497 351.3825343 0.4182657 0.618043
313.5391856 351.9670852 0.4831359 0.5845509
314.0005279 352.5214886 0.4613423 0.5544034
314.4842547 353.0833538 0.4837268 0.5618652
314.9159167 353.6375603 0.431662 0.5542065
315.3618791 354.1764049 0.4459624 0.5388446
315.7820872 354.6463902 0.4202081 0.4699853
316.2064656 355.1212022 0.4243784 0.474812
316.6189593 355.5860879 0.4124937 0.4648857
317.1135155 356.0598204 0.4945562 0.4737325
317.538963 356.5301404 0.4254475 0.47032
317.9598482 357.0052342 0.4208852 0.4750938
318.4114761 357.4712175 0.4516279 0.4659833
318.8466387 357.9485335 0.4351626 0.477316
319.2871334 358.4292888 0.4404947 0.4807553
319.7352916 358.9040293 0.4481582 0.4747405
320.1504606 359.3683181 0.415169 0.4642888
320.5693744 359.8352404 0.4189138 0.4669223
320.9794445 360.3049589 0.4100701 0.4697185
321.4475195 361.0293457 0.468075 0.7243868
321.8727223 361.6117696 0.4252028 0.5824239
322.3069986 362.3242988 0.4342763 0.7125292
322.7212886 362.7974139 0.41429 0.4731151
323.1952341 363.2998582 0.4739455 0.5024443
323.6943884 363.8175844 0.4991543 0.5177262
324.1995202 364.3100545 0.5051318 0.4924701
324.62819 364.781051 0.4286698 0.4709965
325.0737969 365.2977133 0.4456069 0.5166623
325.5143672 365.8341311 0.4405703 0.5364178
325.9393557 366.3183342 0.4249885 0.4842031
326.3521821 366.789702 0.4128264 0.4713678
326.7679773 367.266018 0.4157952 0.476316
327.1789086 367.7365058 0.4109313 0.4704878
327.5931918 368.2008314 0.4142832 0.4643256
328.0075355 368.6736361 0.4143437 0.4728047
328.4125376 369.1434477 0.4050021 0.4698116
328.8308087 369.6220429 0.4182711 0.4785952
329.2512573 370.0882376 0.4204486 0.4661947
329.6667304 370.6669093 0.4154731 0.5786717
330.0770985 371.1613178 0.4103681 0.4944085
330.5281034 371.6889432 0.4510049 0.5276254
331.0363707 372.2914591 0.5082673 0.6025159
331.5022634 372.8080892 0.4658927 0.5166301
331.9201084 373.3370133 0.417845 0.5289241
332.3446146 373.7984012 0.4245062 0.4613879
332.754685 374.2633516 0.4100704 0.4649504
333.1734017 374.7972772 0.4187167 0.5339256
333.5842371 375.2644923 0.4108354 0.4672151
334.0121046 375.7474892 0.4278675 0.4829969
334.4571664 376.2104277 0.4450618 0.4629385
334.8899763 376.7832509 0.4328099 0.5728232
335.3084998 377.2788586 0.4185235 0.4956077
335.7633319 377.8477172 0.4548321 0.5688586
336.1920736 378.4163961 0.4287417 0.5686789
336.6187482 378.9623329 0.4266746 0.5459368
337.1223397 379.5275506 0.5035915 0.5652177
337.5790363 380.0835392 0.4566966 0.5559886
338.0094091 380.6812551 0.4303728 0.5977159
338.4510404 381.3338237 0.4416313 0.6525686
338.8836334 381.9053864 0.432593 0.5715627
339.3026272 382.4665416 0.4189938 0.5611552
339.7806092 383.0936148 0.477982 0.6270732
340.2136975 383.6365831 0.4330883 0.5429683
340.6963526 384.1161633 0.4826551 0.4795802
341.1167152 384.6023124 0.4203626 0.4861491
341.5353011 385.0690793 0.4185859 0.4667669
341.9654315 385.6269721 0.4301304 0.5578928
342.3828573 386.1058884 0.4174258 0.4789163
342.8029601 386.5780807 0.4201028 0.4721923
343.2422212 387.0754779 0.4392611 0.4973972
343.6654554 387.5526959 0.4232342 0.477218
344.0937174 388.0959179 0.428262 0.543222
344.5138161 388.6508383 0.4200987 0.5549204
344.9393777 389.159337 0.4255616 0.5084987
345.3591571 389.7566846 0.4197794 0.5973476
345.7842525 390.8393809 0.4250954 1.0826963
346.2045606 391.5128539 0.4203081 0.673473
346.6339891 392.2318492 0.4294285 0.7189953
347.0581877 392.8863734 0.4241986 0.6545242
347.477607 393.4802943 0.4194193 0.5939209
347.9045252 394.0604736 0.4269182 0.5801793
348.3618724 394.6837481 0.4573472 0.6232745
348.8082202 395.2789666 0.4463478 0.5952185
349.3032676 395.8605047 0.4950474 0.5815381
349.7531057 396.4884042 0.4498381 0.6278995
350.1733055 397.1506773 0.4201998 0.6622731
350.591611 397.7105223 0.4183055 0.559845
351.008236 398.2687687 0.416625 0.5582464
351.4355054 398.8310391 0.4272694 0.5622704
351.8548476 399.4579229 0.4193422 0.6268838
352.2807311 400.0301469 0.4258835 0.572224
352.6992994 400.5906546 0.4185683 0.5605077
353.1210933 401.144299 0.4217939 0.5536444
353.5513255 401.6942205 0.4302322 0.5499215
353.9739723 402.2592234 0.4226468 0.5650029
354.3991956 402.850189 0.4252233 0.5909656
354.8269582 403.3978165 0.4277626 0.5476275
355.2427885 403.9909577 0.4158303 0.5931412
355.6636272 404.5931711 0.4208387 0.6022134
356.084742 405.1949274 0.4211148 0.6017563
356.5134352 405.7493929 0.4286932 0.5544655
356.9401941 406.2947944 0.4267589 0.5454015
357.3589125 406.8732451 0.4187184 0.5784507
357.7838626 407.6297046 0.4249501 0.7564595
358.2074243 408.3551599 0.4235617 0.7254553
358.6377795 409.0131095 0.4303552 0.6579496
359.0615567 409.5436557 0.4237772 0.5305462
359.4852027 410.2454236 0.423646 0.7017679
359.9097166 411.0806218 0.4245139 0.8351982
360.3346584 411.6666032 0.4249418 0.5859814
360.8267528 412.3197851 0.4920944 0.6531819
361.258354 413.1020612 0.4316012 0.7822761
361.6811374 413.8604022 0.4227834 0.758341
362.1066302 414.4594713 0.4254928 0.5990691
362.5285807 415.0246874 0.4219505 0.5652161
362.9548055 415.5903114 0.4262248 0.565624
363.374557 416.182739 0.4197515 0.5924276
363.79477 416.7659916 0.420213 0.5832526
364.2145431 417.3287064 0.4197731 0.5627148
364.6346485 417.8938661 0.4201054 0.5651597
365.0656362 418.4224656 0.4309877 0.5285995
365.4974675 418.9910686 0.4318313 0.568603
365.9135638 419.5324085 0.4160963 0.5413399
366.3375747 420.093271 0.4240109 0.5608625
366.756552 420.6509067 0.4189773 0.5576357
367.1706282 421.3463051 0.4140762 0.6953984
367.5918232 421.9137628 0.421195 0.5674577
368.004886 422.4421722 0.4130628 0.5284094
368.4261333 423.000802 0.4212473 0.5586298
368.8442686 423.5590029 0.4181353 0.5582009
369.2715379 424.2295911 0.4272693 0.6705882
369.6962852 424.8351607 0.4247473 0.6055696
370.1095027 425.3920274 0.4132175 0.5568667
370.5302221 425.9797849 0.4207194 0.5877575
370.9575412 426.5900968 0.4273191 0.6103119
371.3779653 427.1460502 0.4204241 0.5559534
371.8034885 427.7195676 0.4255232 0.5735174
372.2346189 428.3012257 0.4311304 0.5816581
372.6548421 428.8814419 0.4202232 0.5802162
373.109527 429.4472862 0.4546849 0.5658443
373.5303324 430.016537 0.4208054 0.5692508
373.955211 430.5790029 0.4248786 0.5624659
374.3784095 431.2464077 0.4231985 0.6674048
374.8079294 431.8515013 0.4295199 0.6050936
375.2434054 432.468748 0.435476 0.6172467
375.6846862 433.2164598 0.4412808 0.7477118
376.1028881 434.1913951 0.4182019 0.9749353
376.5255062 434.8361887 0.4226181 0.6447936
376.9484108 435.396973 0.4229046 0.5607843
377.369984 435.9996712 0.4215732 0.6026982
377.7940239 436.6267815 0.4240399 0.6271103
378.2149362 437.241451 0.4209123 0.6146695
378.6283822 437.8064259 0.413446 0.5649749
379.0533885 438.4141862 0.4250063 0.6077603
379.5392689 439.0275589 0.4858804 0.6133727
380.0129011 439.6498172 0.4736322 0.6222583
380.4374049 440.2097863 0.4245038 0.5599691
380.8667736 440.8158044 0.4293687 0.6060181
381.2933458 441.4137617 0.4265722 0.5979573
381.7149806 442.0962975 0.4216348 0.6825358
382.1317058 442.7023971 0.4167252 0.6060996
382.5513333 443.2978117 0.4196275 0.5954146
382.9707703 443.8474776 0.419437 0.5496659
383.3931447 444.4720007 0.4223744 0.6245231
383.8195317 445.0443614 0.426387 0.5723607
384.2360117 445.6099068 0.41648 0.5655454
384.6587069 446.2075542 0.4226952 0.5976474
385.0712062 446.7599751 0.4124993 0.5524209
385.4934146 447.3573341 0.4222084 0.597359
385.9490193 447.9298362 0.4556047 0.5725021
386.3726869 448.4730193 0.4236676 0.5431831
386.7939538 449.0901814 0.4212669 0.6171621
387.2201599 449.6643871 0.4262061 0.5742057
387.6374702 450.3499097 0.4173103 0.6855226
388.0558686 450.9266471 0.4183984 0.5767374
388.4756795 451.4811878 0.4198109 0.5545407
388.8909071 452.1264385 0.4152276 0.6452507
389.3135179 452.6954161 0.4226108 0.5689776
389.7313157 453.4663389 0.4177978 0.7709228
390.1522981 454.0352982 0.4209824 0.5689593
390.574998 454.6175794 0.4226999 0.5822812
391.0076776 455.1950249 0.4326796 0.5774455
391.427266 455.7692614 0.4195884 0.5742365
391.849706 456.5676562 0.42244 0.7983948
392.2796303 457.2420287 0.4299243 0.6743725
392.7018863 457.9314441 0.422256 0.6894154
393.1210797 458.6561018 0.4191934 0.7246577
393.544817 459.3679649 0.4237373 0.7118631
393.9684435 459.9773283 0.4236265 0.6093634
394.3954143 460.6301153 0.4269708 0.652787
394.8129881 461.2995215 0.4175738 0.6694062
395.232226 461.9106599 0.4192379 0.6111384
395.6520535 462.563573 0.4198275 0.6529131
396.0776426 463.1138691 0.4255891 0.5502961
396.5042466 463.6939029 0.426604 0.5800338
396.9234175 464.3323607 0.4191709 0.6384578
397.349667 464.8895776 0.4262495 0.5572169
397.7669359 465.4529415 0.4172689 0.5633639
398.2217692 466.004162 0.4548333 0.5512205
398.6390043 466.6138986 0.4172351 0.6097366
399.058837 467.1554308 0.4198327 0.5415322
399.4743464 467.7214861 0.4155094 0.5660553
399.8964533 468.2682137 0.4221069 0.5467276
400.3191554 468.8065331 0.4227021 0.5383194
400.7479569 469.3612435 0.4288015 0.5547104
401.1627932 469.8895611 0.4148363 0.5283176
401.5810282 470.4589442 0.418235 0.5693831
402.0067919 470.9882904 0.4257637 0.5293462
402.4278817 471.5921664 0.4210898 0.603876
402.8443981 472.2315866 0.4165164 0.6394202
403.2632159 472.8407155 0.4188178 0.6091289
403.6780336 473.4205094 0.4148177 0.5797939
404.0947578 474.0177149 0.4167242 0.5972055
404.5167297 474.6179077 0.4219719 0.6001928
405.0364158 475.2555377 0.5196861 0.63763
405.5590427 475.8495279 0.5226269 0.5939902
406.0807296 476.4532774 0.5216869 0.6037495
406.5994276 477.0678099 0.518698 0.6145325
407.1285022 477.6300932 0.5290746 0.5622833
407.6554361 478.2194649 0.5269339 0.5893717
408.1751529 478.7908737 0.5197168 0.5714088
408.6924501 479.4876982 0.5172972 0.6968245
409.2072193 480.1185537 0.5147692 0.6308555
409.7263346 480.6723226 0.5191153 0.5537689
410.2447084 481.234684 0.5183738 0.5623614
410.8101069 481.8510538 0.5653985 0.6163698
411.3277719 482.5148529 0.517665 0.6637991
411.8477932 483.1381556 0.5200213 0.6233027
412.2641508 483.7660095 0.4163576 0.6278539
412.6822625 484.3902609 0.4181117 0.6242514
413.0957325 484.9968726 0.41347 0.6066117
413.5294164 485.6025275 0.4336839 0.6056549
413.9480132 486.1975998 0.4185968 0.5950723
414.3670026 486.7760908 0.4189894 0.578491
414.7824348 487.3834635 0.4154322 0.6073727
415.1999129 487.9783224 0.4174781 0.5948589
415.6149693 488.5534848 0.4150564 0.5751624
416.0394103 489.1832058 0.424441 0.629721
416.4588329 489.761248 0.4194226 0.5780422
416.8792936 490.3352884 0.4204607 0.5740404
417.3023293 490.8723569 0.4230357 0.5370685
417.7220026 491.4356345 0.4196733 0.5632776
418.1422306 492.0304087 0.420228 0.5947742
418.5627887 492.6012107 0.4205581 0.570802
418.984176 493.1422602 0.4213873 0.5410495
419.4080427 493.7124359 0.4238667 0.5701757
419.8255671 494.3028388 0.4175244 0.5904029
420.250131 494.8736803 0.4245639 0.5708415
420.6777231 495.4317339 0.4275921 0.5580536
421.0968055 496.0048225 0.4190824 0.5730886
421.5206443 496.5728274 0.4238388 0.5680049
421.9408058 497.4937051 0.4201615 0.9208777
422.3731558 498.2181628 0.43235 0.7244577
422.7954749 498.7635673 0.4223191 0.5454045
423.2160049 499.3121163 0.42053 0.548549
423.6742514 499.8670587 0.4582465 0.5549424
424.4705275 500.4037982 0.7962761 0.5367395
425.0534914 500.9861736 0.5829639 0.5823754
425.4920629 501.6299749 0.4385715 0.6438013
425.9219477 502.2385277 0.4298848 0.6085528
426.3505813 502.8386083 0.4286336 0.6000806
426.7742426 503.4640641 0.4236613 0.6254558
427.1961372 504.0787193 0.4218946 0.6146552
427.6145914 504.695515 0.4184542 0.6167957
428.0420802 505.417978 0.4274888 0.722463
428.4581236 506.1433213 0.4160434 0.7253433
428.877466 506.7454615 0.4193424 0.6021402
429.2980639 507.3523256 0.4205979 0.6068641
429.7193754 507.9272973 0.4213115 0.5749717
430.1356399 508.5432134 0.4162645 0.6159161
430.5613382 509.1215835 0.4256983 0.5783701
430.9811976 509.7651483 0.4198594 0.6435648
431.3987285 510.3338751 0.4175309 0.5687268
431.8110755 510.9510256 0.412347 0.6171505
432.2294458 511.5632069 0.4183703 0.6121813
432.6512329 512.1498936 0.4217871 0.5866867
433.0703755 512.7633729 0.4191426 0.6134793
433.5054133 513.3331803 0.4350378 0.5698074
433.9402273 513.9154294 0.434814 0.5822491
434.3648281 514.4848424 0.4246008 0.569413
434.7879347 515.0375825 0.4231066 0.5527401
435.2154062 515.6211236 0.4274715 0.5835411
435.6567273 516.1857003 0.4413211 0.5645767
